function.	air_27
K00001	23.5862276
K00002	4.6511628
K00003	101.333333
K00004	15.8505989
K00005	28.8593576
K00007	0
K00008	20.3896103
K00009	29.9145814
K00010	18.0199335
K00011	0
K00012	52.7089498
K00013	93.8861136
K00014	175.644696
K00015	1.4545454
K00016	128.3360512
K00018	0.4848485
K00019	21.808517
K00020	22.2289338
K00021	1.8604651
K00023	1.8181818
K00024	82.225108
K00027	69.0369474
K00028	0
K00029	7.2727272
K00030	0
K00031	102.5454542
K00032	0
K00033	99.0809188
K00034	12.6839827
K00035	0
K00036	93.1291961
K00038	1.8604651
K00039	1.4545454
K00040	4.2452431
K00041	0.7272727
K00042	3.030303
K00043	0
K00045	7.3995771
K00046	40.2331621
K00048	0
K00050	10.8051948
K00052	100.1821432
K00053	99.7575755
K00054	19.047619
K00055	1.6575053
K00057	99.3458167
K00058	93.0735928
K00059	182.400684
K00060	34.1818181
K00064	6.8571428
K00065	1.4545454
K00066	0
K00067	58.4496123
K00068	0.4761905
K00073	0.9523809
K00074	69.1829254
K00075	102.1286927
K00076	1.4545454
K00077	92.7119699
K00082	1.2587412
K00086	0
K00087	0
K00088	155.5896502
K00090	3.7575757
K00091	0
K00094	0
K00096	0
K00097	6.3030302
K00098	28.0676532
K00099	79.6025678
K00100	15.6025369
K00101	14.5144467
K00102	7.5844156
K00103	0
K00104	28.4616933
K00105	0
K00106	0
K00108	56.5841133
K00111	88.2887343
K00112	0
K00113	0
K00114	0.7272727
K00116	85.7748914
K00117	8.7272726
K00118	0
K00119	6.1298701
K00121	5.4458874
K00122	14.2857142
K00123	38.612705
K00124	3.3150106
K00126	1.8181818
K00127	1.8181818
K00128	99.7398566
K00129	0
K00130	47.8061007
K00131	0.969697
K00132	0
K00133	99.8601396
K00134	159.2429271
K00135	133.7744887
K00137	0
K00138	0
K00140	27.6621362
K00141	0.7272727
K00145	86.5141522
K00146	5.6997885
K00147	72.9004327
K00148	0.9302326
K00150	0
K00151	20.5617638
K00152	0
K00153	11.1627907
K00154	6.060606
K00155	0.8484848
K00156	45.8479814
K00158	19.9999999
K00161	57.7392528
K00162	57.7392528
K00163	77.7995336
K00164	59.7334137
K00166	52.7272726
K00167	48.0519479
K00169	0
K00170	0
K00171	0
K00172	0
K00174	19.9999999
K00175	19.9999999
K00176	0
K00177	0
K00179	0
K00180	0
K00184	0
K00185	0
K00194	0
K00196	0
K00197	0
K00198	0
K00200	0
K00201	0
K00202	0
K00207	0.3636364
K00208	58.3549781
K00209	0
K00210	0
K00211	0
K00214	0
K00215	71.5657673
K00216	11.54777
K00217	4.6511628
K00218	0
K00219	11.5602536
K00220	3.5151515
K00221	0.4761905
K00224	0
K00226	95.8166792
K00228	5.2121212
K00230	0
K00231	69.3506491
K00232	5.5813953
K00239	97.9393937
K00240	97.9393937
K00241	97.2515853
K00242	33.2640692
K00243	19.9999999
K00244	2.995671
K00245	1.0909091
K00246	1.0909091
K00247	1.0909091
K00248	4.6753247
K00249	35.8699284
K00252	71.3744083
K00253	4.7272727
K00254	0
K00255	1.6969697
K00256	0
K00257	49.6977748
K00258	0
K00259	90.2929626
K00260	20.4761904
K00261	63.0552702
K00262	47.1390314
K00263	30.410752
K00265	57.9814757
K00266	69.9901337
K00270	0
K00271	0
K00273	0
K00274	18.7012987
K00275	38.6272022
K00276	2.9090909
K00278	33.8948957
K00279	0
K00280	0
K00281	54.0561763
K00282	19.9999999
K00283	20.4761904
K00284	0.3636364
K00285	15.8449611
K00286	101.2121209
K00287	81.872298
K00290	10.8051948
K00292	0
K00293	0
K00294	76.103896
K00297	67.7893887
K00298	0
K00299	67.1823213
K00301	5.0147991
K00302	2.060606
K00303	6.7359307
K00304	2.060606
K00305	2.060606
K00309	0
K00311	5.6969696
K00313	0
K00314	0
K00315	1.4545454
K00316	0
K00317	8.0952381
K00318	52.7272726
K00320	0
K00322	3.3939394
K00324	11.3967582
K00325	8.9330514
K00329	10.8051948
K00330	32.103896
K00331	27.1861471
K00332	20.5194805
K00333	20.5194805
K00334	31.7216116
K00335	27.0462869
K00336	27.1861471
K00337	27.1861471
K00338	31.8614718
K00339	27.1861471
K00340	31.8614718
K00341	27.1861471
K00342	31.3579753
K00343	31.8614718
K00344	32.2460484
K00346	0
K00347	0
K00348	0
K00349	0
K00350	0
K00351	0
K00353	0
K00354	0
K00355	4.6060606
K00356	17.2987013
K00358	4.9773482
K00359	11.2332628
K00360	0
K00362	29.4535386
K00363	26.0595992
K00364	21.0622709
K00365	9.3506493
K00366	0
K00367	0
K00368	29.564482
K00370	34.3853819
K00371	35.3377629
K00372	8.069264
K00373	35.3377629
K00374	35.3377629
K00375	111.3335343
K00376	0
K00378	0
K00380	25.4703589
K00381	10.2803862
K00382	191.5950865
K00383	44.9177488
K00384	187.7812106
K00385	0
K00386	0
K00387	0
K00389	8.372093
K00390	50.4253575
K00392	35.4696466
K00394	0
K00395	0
K00397	0
K00404	1.8181818
K00405	1.8181818
K00406	1.8181818
K00407	1.8181818
K00410	0
K00411	1.8181818
K00412	1.8181818
K00413	1.8181818
K00423	0
K00425	67.3142049
K00426	68.2665859
K00427	3.1515151
K00428	6.8571428
K00432	80.6302221
K00433	1.2121212
K00435	0
K00436	0
K00437	0
K00441	0
K00446	6.3328299
K00448	8.9753347
K00449	9.9055673
K00450	5.8238196
K00451	0
K00452	0
K00453	18.7012987
K00455	0
K00456	0
K00457	8.9753347
K00459	76.426457
K00462	0
K00464	0
K00466	0
K00467	4.6753247
K00468	0
K00469	0
K00470	0
K00471	0
K00472	0
K00476	0
K00477	0
K00478	0
K00479	1.2938689
K00480	12.3326286
K00481	8.4904862
K00483	23.3766234
K00484	0
K00485	2.7906977
K00486	0
K00491	48.0519479
K00492	8.184637
K00493	10.0779221
K00494	0
K00495	0
K00496	7.3150105
K00499	0
K00500	0
K00504	0
K00505	0.9302326
K00507	5.090909
K00508	34.5369978
K00510	52.8792911
K00514	0
K00517	2.7906977
K00518	0
K00520	17.5880398
K00523	0.3636364
K00524	0
K00525	92.8483142
K00526	101.2336188
K00527	50.5851201
K00528	88.7329103
K00529	4.7272727
K00530	1.8604651
K00531	0.7272727
K00532	0
K00533	0
K00534	0.7272727
K00535	0
K00537	9.4563575
K00538	0
K00539	0
K00540	41.8882511
K00543	0
K00547	22.3366555
K00548	71.9645624
K00549	54.9795628
K00554	96.1868051
K00555	0
K00556	32.7272727
K00557	6.3722944
K00558	38.7973421
K00559	0
K00560	81.6077253
K00561	8.5714285
K00563	43.3939393
K00564	35.044955
K00566	99.7662335
K00567	57.0429878
K00568	11.7479109
K00569	0.2424242
K00570	1.8181818
K00571	16.604047
K00573	4.5665962
K00574	70.4826335
K00575	14.4415584
K00577	0
K00584	0
K00587	0
K00588	1.8604651
K00590	0
K00594	0
K00595	35.3065538
K00596	0
K00598	23.7402597
K00599	23.0808416
K00600	99.8601396
K00602	94.9050946
K00603	0
K00604	96.7002917
K00605	74.0561762
K00606	76.138435
K00607	0
K00608	0
K00609	94.3829501
K00610	1.2587412
K00611	109.1142188
K00612	0
K00613	0
K00614	1.4545454
K00615	114.1298697
K00616	95.1848149
K00617	0
K00619	28.7792207
K00620	86.6859959
K00624	2.7906977
K00625	20.7272726
K00626	185.0450009
K00627	95.9210709
K00631	3.1515151
K00632	32.3664552
K00633	0.9523809
K00634	6.8311688
K00635	0.7272727
K00638	7.0995671
K00639	48.0779219
K00640	78.2560692
K00641	108.7407628
K00643	4.8138528
K00645	54.5228103
K00646	0
K00647	11.6363635
K00648	67.617034
K00651	2.2943723
K00652	50.5653105
K00653	0
K00654	0
K00655	86.4896806
K00656	48.6121009
K00657	7.8961038
K00658	94.4186044
K00661	18.6576059
K00662	18.7012987
K00663	0.2424242
K00666	117.221383
K00672	0
K00673	5.8181818
K00674	81.6179167
K00675	0.9302326
K00676	0.2424242
K00677	5.2121212
K00680	20.8877478
K00681	53.7112653
K00683	7.4660223
K00684	37.9393939
K00685	5.2121212
K00686	0
K00687	0
K00688	71.7547567
K00689	0.4761905
K00690	0
K00691	0
K00692	0
K00693	0
K00694	2.7484144
K00695	0
K00696	0
K00697	58.8744587
K00698	0
K00700	73.0486256
K00701	0
K00702	0
K00703	35.4756871
K00705	66.7157957
K00712	36.6753245
K00713	0
K00720	1.8181818
K00721	39.0697673
K00737	0
K00745	0
K00748	5.2121212
K00752	0
K00754	7.5034732
K00756	47.5757575
K00757	0
K00758	33.4702506
K00759	113.246753
K00760	94.6626704
K00761	93.264069
K00762	99.5804193
K00763	108.6886444
K00764	98.1818179
K00765	92.8138525
K00766	88.8384946
K00767	40.6094834
K00768	59.6834792
K00769	3.3566433
K00772	1.8181818
K00773	99.337995
K00776	6.5116279
K00777	0
K00782	41.9087888
K00783	51.8354977
K00784	38.1077216
K00785	0.7272727
K00786	3.7209302
K00788	72.1109431
K00789	97.0524356
K00790	117.6957922
K00791	99.6177153
K00793	99.7202794
K00794	94.8025305
K00795	6.4708624
K00796	135.2823916
K00797	7.630509
K00798	44.1272525
K00799	37.9220775
K00800	97.5571093
K00801	0.4761905
K00803	6.5357898
K00805	59.9999998
K00806	66.7505825
K00808	0
K00809	0
K00810	1.8604651
K00812	30.4069263
K00813	0
K00817	200.3496962
K00818	11.3033323
K00819	58.1385279
K00820	113.9327336
K00821	2.9370629
K00822	3.5151515
K00823	51.8354977
K00824	22.9090908
K00826	96.7792205
K00829	0
K00830	29.8701298
K00831	47.132867
K00832	5.4545454
K00833	57.3336893
K00835	0
K00836	4.3241719
K00837	11.047619
K00839	9.9999999
K00840	5.8181818
K00841	20.4761904
K00842	0
K00843	0
K00844	0
K00845	135.5240105
K00847	57.3361521
K00848	0
K00849	82.9074799
K00850	94.4055942
K00851	93.2821904
K00852	128.3789386
K00853	27.4458873
K00854	41.5272324
K00855	2.9090909
K00856	0
K00857	49.3458168
K00858	66.7505825
K00859	94.6626704
K00860	28.5847485
K00862	0
K00863	0.9302326
K00864	88.9523807
K00865	82.4329001
K00867	39.9999999
K00868	83.1736633
K00869	20.9080841
K00870	0
K00872	94.4055942
K00873	106.1902745
K00874	3.3593073
K00875	0.3636364
K00876	48.0519479
K00878	30.3173259
K00879	0
K00880	0.3636364
K00881	0
K00882	83.9134196
K00883	1.8181818
K00884	1.4545454
K00885	14.025974
K00886	72.7272726
K00887	0
K00891	98.8273429
K00892	0
K00895	0
K00897	17.354475
K00899	0
K00901	57.0995669
K00903	0.4761905
K00906	0
K00912	5.2121212
K00917	19.5238094
K00918	0
K00919	92.8344986
K00924	11.3939394
K00925	99.8787876
K00926	35.7142855
K00927	99.6177153
K00928	112.3116879
K00929	34.1558441
K00930	91.9080916
K00931	66.6070672
K00932	0
K00934	0
K00936	28.1594683
K00937	31.099567
K00938	20.9080841
K00939	101.2121209
K00940	97.9393937
K00941	64.3563876
K00942	95.0449548
K00943	94.8025305
K00945	94.0434756
K00946	44.5128204
K00947	0
K00948	102.9177486
K00949	26.7359307
K00950	96.1818179
K00951	97.9393937
K00952	0
K00954	94.9050946
K00955	0
K00956	11.7122567
K00957	16.7457038
K00958	33.6796536
K00960	0
K00962	94.9423907
K00963	72.7464006
K00965	47.5586428
K00966	42.8148595
K00968	0
K00969	63.0769228
K00970	71.5434641
K00971	5.038961
K00972	0
K00973	78.2510821
K00974	44.0159838
K00975	98.4463906
K00978	6.1298701
K00979	5.4545454
K00980	20.9302325
K00981	93.6277053
K00982	43.3516559
K00983	1.5757576
K00984	18.1818181
K00985	0
K00986	0
K00988	0
K00989	73.2640691
K00990	40.5609583
K00991	105.2957117
K00992	0
K00995	106.6272019
K00996	0
K00997	82.361824
K00998	0
K00999	0
K01000	99.5804193
K01002	1.406423
K01003	0.9302326
K01004	1.8181818
K01005	0.4848485
K01006	15.9307359
K01007	36.0728883
K01008	3.3150106
K01011	164.5537095
K01012	94.0601566
K01013	0
K01014	0
K01023	0
K01026	0.9523809
K01027	19.6315312
K01028	47.4754857
K01029	43.6091814
K01031	17.8354977
K01032	7.7575757
K01034	0
K01035	0
K01036	0
K01039	0
K01040	0
K01041	1.8604651
K01042	1.8604651
K01043	1.6969697
K01046	35.6832778
K01048	2.2943723
K01051	0
K01053	19.1861472
K01054	0
K01055	13.8238195
K01056	132.5339773
K01057	55.8441557
K01058	3.1515151
K01060	4.6753247
K01061	2.9090909
K01066	4.4059196
K01067	2.1818182
K01069	13.9145815
K01070	4.9696969
K01071	0
K01073	0
K01075	0
K01076	8.9600322
K01077	33.8892579
K01078	0.9302326
K01079	44.5243127
K01081	43.6091814
K01082	45.4007696
K01083	9.3506493
K01085	0
K01087	56.083761
K01089	1.8181818
K01090	57.3417899
K01091	48.8388198
K01092	155.0305039
K01093	0
K01095	5.2121212
K01096	2.4242424
K01101	0.4761905
K01103	0
K01104	133.9921468
K01112	0.7186147
K01113	18.035236
K01114	21.0649349
K01115	0.3636364
K01117	0
K01118	30.155844
K01119	20.7445887
K01120	0
K01121	0
K01126	221.4577663
K01128	1.8181818
K01129	92.6926405
K01130	6.6694855
K01133	1.8181818
K01138	0.4761905
K01139	5.1331924
K01141	1.1188811
K01142	121.7787171
K01143	0
K01144	2.1818182
K01145	0.4848485
K01146	0
K01147	29.8701298
K01150	1.2587412
K01151	21.8181817
K01152	0
K01153	88.1308766
K01154	80.7677436
K01155	0.4761905
K01156	5.5813953
K01157	0
K01158	0
K01159	72.5762608
K01160	0
K01161	0
K01163	0
K01166	5.2121212
K01167	0
K01169	0
K01173	12.7445887
K01174	20.454042
K01175	10.1115473
K01176	0
K01178	4.6753247
K01179	69.1774891
K01180	0
K01181	0
K01182	9.8268398
K01183	14.025974
K01184	0
K01185	1.6969697
K01186	5.3697775
K01187	94.5778715
K01190	1.4285714
K01191	9.3506493
K01192	9.3506493
K01193	72.1393333
K01194	0
K01195	1.8826135
K01197	4.6753247
K01198	0
K01199	0
K01200	4.6753247
K01201	4.6753247
K01202	0
K01205	0
K01206	0
K01207	73.2862175
K01208	1.8604651
K01209	14.025974
K01210	0
K01212	0
K01214	0
K01215	0
K01216	0.3636364
K01218	0
K01219	0
K01220	19.5238094
K01222	0
K01223	27.4217255
K01224	0
K01225	0
K01226	23.7229436
K01227	3.8095238
K01230	0
K01232	0.9523809
K01233	0
K01234	0
K01235	0
K01236	31.7487164
K01238	1.5670996
K01239	59.9532868
K01240	0
K01241	25.0739957
K01243	74.0154107
K01246	68.8118391
K01247	36.4502164
K01249	1.8604651
K01250	0
K01251	43.3516559
K01252	7.8268398
K01253	0
K01255	91.0182992
K01256	42.6638476
K01258	20.3636363
K01259	56.6902244
K01261	16.1904761
K01262	41.8854323
K01263	2.4069264
K01264	0
K01265	142.2696059
K01266	15.1168831
K01267	1.8604651
K01269	59.9979864
K01270	3.3939394
K01271	34.0942312
K01273	23.6709956
K01274	0.9302326
K01277	0
K01278	0
K01281	0
K01283	0
K01284	39.9577166
K01286	3.6786469
K01289	0
K01295	32.7272727
K01297	0
K01299	48.2077922
K01301	0
K01303	0
K01304	48.9821805
K01305	0
K01308	0
K01317	0
K01318	12.8571428
K01322	47.514346
K01325	0
K01338	72.7272726
K01342	0
K01343	0
K01347	0
K01354	44.6753246
K01355	0
K01356	75.3901135
K01358	143.0244635
K01361	0
K01362	68.6002213
K01364	0
K01372	18.6046511
K01376	0
K01387	0
K01390	0
K01392	0.4848485
K01399	0
K01400	0
K01401	18.095238
K01406	0.3636364
K01407	0
K01408	0
K01409	95.5584413
K01412	0.7272727
K01414	36.3636363
K01415	0
K01416	0
K01417	34.1050267
K01419	23.6363635
K01420	52.6116983
K01421	93.0605051
K01422	5.038961
K01423	15.9595288
K01424	104.0424069
K01425	14.55673
K01426	48.7627101
K01428	59.8993253
K01429	49.8522096
K01430	50.7824421
K01431	0.7272727
K01432	4.6753247
K01433	44.2394039
K01434	18.7532467
K01436	12.4482029
K01437	0
K01438	7.2414252
K01439	89.1438635
K01442	20.7272726
K01443	74.938085
K01444	0
K01446	3.3333333
K01447	7.7835497
K01448	152.641854
K01449	0
K01451	55.7996575
K01452	0.3636364
K01453	0
K01454	0
K01455	3.1986308
K01457	3.9605356
K01458	0
K01459	0
K01460	0
K01461	0
K01462	165.6223771
K01463	6.3636363
K01464	13.5536091
K01465	100.4622041
K01466	15.9085875
K01467	21.808517
K01468	47.0985602
K01469	0.9302326
K01470	11.2111145
K01471	0.3636364
K01473	2.384778
K01474	2.0211416
K01476	48.4194099
K01477	4.5665962
K01478	23.2890364
K01479	25.9200643
K01480	27.1255411
K01481	0
K01482	0
K01483	5.2121212
K01484	3.6363636
K01485	3.3150106
K01486	25.1948052
K01487	10.6147186
K01488	44.5657906
K01489	79.0709753
K01491	123.6003993
K01492	0
K01493	34.0259739
K01494	74.824679
K01495	72.51598
K01496	40.8879491
K01497	4.9324009
K01498	0.5594406
K01499	0
K01500	0.2424242
K01501	1.0909091
K01502	0
K01503	0
K01504	0
K01505	0.7272727
K01506	0
K01507	64.7037922
K01512	85.2391018
K01515	117.6373701
K01518	0
K01520	64.199134
K01521	0
K01523	40.8879491
K01524	104.0060402
K01525	5.072261
K01529	11.4360213
K01531	2.9090909
K01533	94.110339
K01534	41.2320547
K01535	0
K01537	0.9302326
K01539	0
K01541	0
K01545	2.8571428
K01546	37.9730191
K01547	37.964361
K01548	37.4881706
K01550	0
K01551	5.1495016
K01552	10.2325581
K01553	0
K01554	4.6753247
K01555	3.3939394
K01556	23.6709956
K01560	5.991342
K01561	9.7142857
K01563	4.6753247
K01564	0
K01565	0
K01567	1.4545454
K01568	0.7272727
K01569	0
K01571	29.7674418
K01572	0
K01573	0
K01574	1.4458874
K01575	67.320044
K01576	0
K01577	0
K01578	0
K01579	60.249874
K01580	0.9302326
K01581	3.012987
K01582	0.9523809
K01583	0
K01584	0.2424242
K01585	28.051948
K01586	149.8297357
K01588	98.1818179
K01589	97.4632032
K01590	2.6666666
K01591	99.7202794
K01593	0
K01594	0
K01595	72.642706
K01596	43.3939393
K01597	20.9080841
K01598	0
K01599	75.0476188
K01601	3.6363636
K01602	1.8181818
K01607	63.1050033
K01608	0
K01609	88.5887443
K01610	54.5454544
K01611	10.6093906
K01612	0
K01613	28.5887445
K01615	0
K01616	35.3488371
K01617	0
K01618	0
K01619	109.4199131
K01620	50.4626999
K01621	0
K01622	0
K01623	21.2938688
K01624	100.0208161
K01625	8.5233061
K01626	79.2424008
K01627	4
K01628	5.2121212
K01629	0
K01630	0
K01631	1.8181818
K01632	0
K01633	93.6277053
K01635	19.5238094
K01636	0.9302326
K01637	49.5081042
K01638	50.3960534
K01639	21.3842745
K01640	17.6353568
K01641	20.9080841
K01643	0
K01644	102.591362
K01646	0
K01647	105.405416
K01649	101.326007
K01652	110.435595
K01653	92.2251079
K01654	1.5757576
K01655	28.051948
K01657	89.658837
K01658	83.3896334
K01659	12.5750528
K01661	59.0697672
K01662	81.1783253
K01664	25.5813952
K01665	26.1202052
K01666	0.9302326
K01667	0.7272727
K01668	0
K01669	49.4626302
K01671	0
K01673	99.7485148
K01674	0
K01676	3.3939394
K01677	0
K01678	0
K01679	97.6969694
K01681	95.0399675
K01682	3.8787878
K01684	2.4069264
K01685	1.4545454
K01686	2.4069264
K01687	107.9726936
K01689	95.0822508
K01690	4.8484848
K01692	96.5589447
K01693	91.3593071
K01695	93.9748621
K01696	107.0067758
K01697	19.5348837
K01698	98.4242421
K01699	0
K01703	93.4039291
K01704	98.321678
K01706	1.4545454
K01707	5.3361522
K01708	1.4545454
K01709	0
K01710	66.9070772
K01711	0
K01712	47.5834087
K01713	0
K01714	143.2493703
K01715	30.8003624
K01716	1.4545454
K01719	40.7277682
K01720	17.1078224
K01721	0.4848485
K01724	21.9921473
K01725	0
K01726	0
K01727	18.5714285
K01728	0
K01729	0
K01730	0
K01731	0
K01732	0
K01733	95.324675
K01734	18.7012987
K01735	101.5023423
K01736	95.1848149
K01737	49.7675656
K01738	120.2157528
K01739	22.8223094
K01740	88.220477
K01743	0
K01744	45.2544044
K01745	49.4102485
K01746	0
K01749	99.1981349
K01750	87.0993655
K01751	0
K01752	176.2947745
K01753	5.2457465
K01754	121.2900429
K01755	99.9999997
K01756	99.337995
K01758	0
K01759	23.6180408
K01760	24.121212
K01761	28.051948
K01766	0
K01768	8.7357294
K01769	0
K01770	78.0662746
K01771	14.7619047
K01772	74.5627703
K01774	0
K01775	116.6801566
K01776	102.6293703
K01777	1.0909091
K01778	45.1698377
K01779	18.1077217
K01780	0
K01781	0
K01782	11.0359407
K01783	100.7099564
K01784	132.428873
K01785	34.6445181
K01786	11.2554112
K01787	0
K01788	52.0598005
K01790	41.2028591
K01791	96.9157351
K01792	32.8005637
K01795	0
K01796	0.7272727
K01797	2.9090909
K01798	0
K01799	0
K01800	3.3939394
K01801	0.2424242
K01802	39.3725963
K01803	99.7575755
K01804	9.3506493
K01805	11.1688311
K01807	59.7575756
K01808	40.9523808
K01809	90.2385983
K01810	99.6177153
K01811	0
K01812	7.0580892
K01813	0
K01814	88.7445885
K01815	1.4545454
K01816	13.0599013
K01817	84.5041777
K01818	0
K01819	39.0476189
K01820	0
K01821	20.2202757
K01822	0
K01823	86.5128358
K01825	3.3939394
K01826	13.6969697
K01828	1.8604651
K01829	0
K01834	110.34632
K01835	81.4738747
K01838	0
K01839	51.2687311
K01840	96.4566593
K01841	0
K01843	20.2957043
K01844	0
K01845	112.3338363
K01846	0
K01847	94.9864087
K01848	28.7792207
K01849	24.1038961
K01851	0
K01854	54.0259739
K01856	8.9753347
K01857	11.7660324
K01858	39.0697673
K01860	0
K01865	0
K01866	99.6177153
K01867	114.0259737
K01868	96.9870127
K01869	96.0432897
K01870	99.4778552
K01872	99.7575755
K01873	99.9999997
K01874	99.6177153
K01875	99.8601396
K01876	99.7575755
K01878	6.8904428
K01879	6.8904428
K01880	88.0519478
K01881	103.3628074
K01883	95.0822508
K01884	4.6753247
K01885	154.4055941
K01886	38.041958
K01887	95.1761569
K01889	99.4778552
K01890	99.6177153
K01892	99.254079
K01893	45.1948051
K01894	5.2121212
K01895	112.4107517
K01896	0
K01897	160.9741262
K01902	65.6236784
K01903	60.9483538
K01904	0
K01905	0
K01906	44.5736433
K01907	1.8604651
K01908	1.8181818
K01909	0
K01910	0
K01911	59.9999998
K01912	23.6862981
K01913	0
K01914	0
K01915	176.5704213
K01916	90.3384985
K01917	0
K01918	115.9201725
K01919	6.7132866
K01920	6.7505827
K01921	95.6839747
K01922	0
K01923	99.1601729
K01924	94.6626704
K01925	93.6298737
K01926	52.2510821
K01928	74.5228103
K01929	93.9633697
K01932	0.3636364
K01933	93.264069
K01934	91.7397794
K01935	85.6487541
K01937	64.3472804
K01938	55.7605958
K01939	94.8025305
K01940	100.2424239
K01941	4.0817477
K01945	97.2515853
K01947	0
K01950	4.5665962
K01951	138.7850595
K01952	231.1549375
K01953	50.8051947
K01955	97.2790462
K01956	94.9423907
K01957	0
K01958	58.0972514
K01959	0
K01960	0
K01961	73.264069
K01962	85.8222085
K01963	85.8222085
K01965	1.8181818
K01966	66.0042282
K01968	4.9696969
K01969	6.5877378
K01970	0
K01971	4.7917044
K01972	99.4778552
K01974	0.4848485
K01975	33.5910601
K01976	0
K01989	6.5116279
K01990	340.8601621
K01991	6.9090908
K01992	306.3239697
K01993	7.1515151
K01994	0
K01995	129.3160171
K01996	124.6406925
K01997	128.9523808
K01998	129.3160171
K01999	125.7316015
K02000	5.6093828
K02001	5.6093828
K02002	7.8556327
K02003	255.754152
K02004	246.2120198
K02005	46.0136916
K02006	1.8181818
K02007	1.8181818
K02008	1.8181818
K02009	1.4545454
K02010	24.8329809
K02011	51.801067
K02012	68.2561157
K02013	456.0146972
K02014	47.6363632
K02015	645.1583589
K02016	605.419509
K02017	38.7625086
K02018	63.9754352
K02019	3.6363636
K02020	66.1967178
K02021	14.1959126
K02022	3.2727272
K02023	40.2732305
K02024	0.2424242
K02025	104.916138
K02026	22.7415685
K02027	23.1052048
K02028	68.8176782
K02029	136.748414
K02030	176.8571424
K02031	152.4826332
K02032	107.6007245
K02033	363.2594374
K02034	339.5616623
K02035	418.6944518
K02036	86.0646328
K02037	85.8222085
K02038	72.7747909
K02039	107.290043
K02040	87.2064832
K02041	28.2615523
K02042	44.8357996
K02043	0.3636364
K02044	27.7853618
K02045	6.1423537
K02046	6.1423537
K02047	6.1423537
K02048	9.7787173
K02049	41.9287223
K02050	79.798852
K02051	47.0341285
K02052	9.090909
K02053	8.7272726
K02054	9.090909
K02055	10.060606
K02056	84.5541124
K02057	118.6666664
K02058	14.880902
K02062	1.8181818
K02063	34.5454545
K02064	29.8701298
K02065	6.6666666
K02066	6.6666666
K02067	6.6666666
K02068	19.9999999
K02069	19.9999999
K02071	99.8874455
K02072	100.363636
K02073	148.0098656
K02074	23.2558139
K02075	14.8837209
K02076	19.9999999
K02077	65.2129265
K02078	103.6730088
K02079	0
K02080	0
K02081	0
K02082	1.9047619
K02083	9.8268398
K02086	19.9999999
K02092	0
K02093	0
K02094	0
K02095	0
K02096	0
K02097	0
K02099	0
K02100	0
K02101	0
K02103	0
K02106	5.0119802
K02108	66.6107223
K02109	67.6385317
K02110	66.7505825
K02111	66.9930067
K02112	66.9930067
K02113	66.7505825
K02114	66.7505825
K02115	66.9930067
K02116	23.7835496
K02117	28.051948
K02118	32.7272727
K02119	32.7272727
K02120	32.7272727
K02121	28.051948
K02122	28.051948
K02123	28.051948
K02124	28.051948
K02160	72.7878785
K02164	0
K02167	28.5887445
K02168	46.0155037
K02169	3.8974359
K02170	3.9533799
K02171	6.6666666
K02172	7.1428571
K02173	0
K02182	0
K02188	14.025974
K02189	15.8441558
K02190	0
K02191	0
K02192	3.6363636
K02193	29.8701298
K02194	34.5454545
K02195	34.5454545
K02196	1.8181818
K02197	34.5454545
K02198	34.5454545
K02199	34.5454545
K02200	31.6883116
K02203	3.3939394
K02204	8.069264
K02205	0
K02217	59.5238093
K02221	62.4214233
K02224	44.3177287
K02225	1.8181818
K02226	17.1774891
K02227	40.0060404
K02228	30.655391
K02229	31.6279069
K02230	43.7511325
K02231	51.5538104
K02232	43.3605153
K02233	51.3113861
K02234	15.8441558
K02236	19.9999999
K02237	95.1909793
K02238	86.2675926
K02239	0
K02240	19.9999999
K02241	0
K02242	19.9999999
K02243	20.4761904
K02244	19.5238094
K02245	19.9999999
K02246	19.9999999
K02247	0
K02248	0
K02249	0
K02250	19.9999999
K02251	0
K02252	0
K02253	0
K02254	0
K02255	0
K02258	1.4545454
K02259	89.5064933
K02274	47.5844155
K02275	71.3246752
K02276	40.5243128
K02277	0
K02278	1.8181818
K02279	1.8181818
K02280	1.8181818
K02281	0
K02282	1.8181818
K02283	40.8879491
K02284	0
K02285	0
K02286	0
K02287	0
K02288	0
K02289	0
K02290	0
K02291	20.5194805
K02292	0
K02293	0
K02294	0
K02297	5.2121212
K02298	5.072261
K02299	7.5930735
K02300	5.072261
K02301	99.3939391
K02302	5.5829132
K02303	66.9696967
K02304	29.3506492
K02305	1.4545454
K02313	99.7575755
K02314	95.5670993
K02315	8.4329004
K02316	94.4970066
K02317	1.2587412
K02334	46.7029094
K02335	95.0822508
K02336	0
K02337	105.7878552
K02338	99.7575755
K02339	5.2121212
K02340	94.9050946
K02341	76.3809521
K02342	226.3088688
K02343	98.8273429
K02344	0
K02345	0
K02346	78.9956707
K02347	48.0519479
K02348	26.4322963
K02351	41.4545453
K02352	18.5714285
K02355	115.349317
K02356	96.7792205
K02357	99.8601396
K02358	133.4878451
K02361	48.9994965
K02362	0
K02363	9.6873049
K02364	0
K02371	1.9047619
K02372	59.8601397
K02377	0
K02379	57.1241315
K02380	0
K02381	0.4761905
K02383	0
K02385	0
K02386	4.5314685
K02387	4.6713286
K02388	4.9510489
K02389	4.6713286
K02390	4.6713286
K02391	4.9510489
K02392	4.9510489
K02393	5.090909
K02394	5.090909
K02395	2.993007
K02396	4.5314685
K02397	2.1818182
K02398	1.4545454
K02399	1.3986014
K02400	4.9510489
K02401	5.090909
K02402	0
K02403	0
K02404	0
K02405	1.4545454
K02406	1.8181818
K02407	1.4545454
K02408	4.8111888
K02409	5.090909
K02410	5.090909
K02411	5.090909
K02412	5.090909
K02413	2.993007
K02414	2.8531468
K02415	3.2727272
K02416	4.6713286
K02417	4.9510489
K02418	1.5944056
K02419	5.090909
K02420	5.090909
K02421	4.9510489
K02422	1.4545454
K02423	0
K02424	33.073593
K02425	0
K02426	29.8701298
K02427	6.7505827
K02428	151.0834588
K02429	0
K02430	0
K02431	0.3636364
K02433	116.9378835
K02434	97.9393937
K02435	97.0091611
K02436	0
K02437	76.9739251
K02438	75.5940802
K02439	0
K02440	69.7274816
K02441	0
K02442	3.3939394
K02443	19.9999999
K02444	1.4545454
K02445	63.2447395
K02446	63.8528137
K02448	1.4545454
K02450	0
K02451	0
K02452	3.3939394
K02453	12.7445887
K02454	6.7878787
K02455	3.3939394
K02456	6.7878787
K02457	0
K02458	8.069264
K02459	3.1515151
K02460	3.3939394
K02461	3.6363636
K02462	3.3939394
K02463	3.3939394
K02464	0
K02465	0
K02466	0
K02467	0
K02468	0
K02469	98.6874828
K02470	99.7575755
K02471	0.3636364
K02472	20.8637873
K02473	1.4545454
K02474	9.4756871
K02475	3.7209302
K02476	3.7209302
K02477	0
K02478	0
K02479	0.9523809
K02480	0
K02481	0
K02482	0
K02483	22.3267894
K02484	56.9090908
K02485	0
K02486	0.4761905
K02487	5.1601732
K02488	7.2207792
K02489	0
K02490	0
K02491	0
K02492	96.3636361
K02493	95.0822508
K02494	3.6363636
K02495	108.6566763
K02496	0
K02497	19.5238094
K02498	1.8181818
K02499	19.9999999
K02500	87.5719317
K02501	93.1774889
K02502	27.8614718
K02503	59.0934025
K02504	0
K02505	0
K02506	0
K02507	0
K02508	0
K02509	15.8864391
K02510	17.825833
K02511	0
K02517	51.5064933
K02518	99.9999997
K02519	95.0822508
K02520	94.2237759
K02521	0
K02523	38.1818181
K02525	0
K02526	1.8604651
K02527	7.3939393
K02528	100.5479479
K02529	170.5831064
K02530	19.5238094
K02531	0
K02532	0.9523809
K02533	24.8311688
K02535	5.2121212
K02536	5.2121212
K02538	9.047619
K02545	11.9047618
K02546	4.2857143
K02547	8.5714285
K02548	59.9999998
K02549	83.7402595
K02550	0
K02551	59.9999998
K02552	19.9999999
K02553	37.9333534
K02554	0.9302326
K02556	3.2727272
K02557	9.7662337
K02558	3.3939394
K02560	0
K02562	0
K02563	94.8025305
K02564	57.6854926
K02565	0
K02566	35.3488371
K02567	0
K02568	0
K02569	0
K02570	0
K02571	0
K02572	0
K02573	0
K02574	0
K02575	36.664049
K02584	2.9090909
K02585	2.1818182
K02586	2.5454545
K02587	1.4545454
K02588	3.2727272
K02589	0
K02590	0
K02591	3.2727272
K02592	1.8181818
K02593	1.8181818
K02594	1.8181818
K02595	1.8181818
K02596	1.8181818
K02597	1.8181818
K02598	0
K02600	99.6177153
K02601	95.306027
K02609	25.573744
K02610	30.2490687
K02611	30.0066445
K02612	29.7642202
K02613	6.6300211
K02614	17.0985603
K02615	0
K02616	7.2332628
K02617	2.9090909
K02618	25.3313198
K02619	72.2039663
K02621	25.2121211
K02622	25.2121211
K02623	0
K02624	11.8844256
K02625	0.4848485
K02626	0
K02628	0
K02629	0
K02630	0
K02631	0
K02632	0
K02634	0
K02635	0
K02636	0
K02637	0
K02638	0
K02639	0
K02640	0
K02641	0
K02642	0
K02643	0
K02647	0.9523809
K02650	11.047619
K02651	0
K02652	35.8787878
K02653	31.2034631
K02654	53.7714687
K02655	6.3030302
K02656	3.1515151
K02657	3.3939394
K02658	12.7445887
K02659	3.3939394
K02660	22.095238
K02661	0
K02662	31.4458874
K02663	35.8787878
K02664	36.1212121
K02665	3.3939394
K02666	7.8268398
K02667	3.6363636
K02668	3.1515151
K02669	92.2251081
K02670	3.1515151
K02671	7.5844156
K02672	7.8268398
K02673	0
K02674	3.1515151
K02675	0
K02676	3.3939394
K02679	0
K02680	0
K02681	0
K02682	0
K02686	0
K02687	57.9393938
K02688	1.4545454
K02689	0
K02690	0
K02691	0
K02692	0
K02693	0
K02694	0
K02696	0
K02697	0
K02698	0
K02699	0
K02700	0
K02702	0
K02703	0
K02704	0
K02705	0
K02706	0
K02707	0
K02708	0
K02709	0
K02710	0
K02711	0
K02712	0
K02713	0
K02714	0
K02715	0
K02716	0
K02717	0
K02718	0
K02719	0
K02720	0
K02722	0
K02723	0
K02724	0
K02742	0
K02744	0
K02745	0
K02746	0
K02747	0
K02749	19.047619
K02750	19.047619
K02752	0
K02753	0
K02755	55.7142855
K02756	41.4285713
K02757	41.4285713
K02759	1.4285714
K02760	0.9523809
K02761	0.9523809
K02763	42.2722237
K02764	42.2722237
K02765	42.2722237
K02768	94.9090906
K02769	101.7662334
K02770	101.7662334
K02771	0
K02773	15.7142856
K02774	15.2380952
K02775	15.2380952
K02777	27.1198568
K02778	1.5384615
K02779	1.5384615
K02781	0.4761905
K02782	0.4761905
K02783	0.9523809
K02784	1.5384615
K02786	19.047619
K02787	19.047619
K02788	19.047619
K02790	17.1428571
K02791	17.1428571
K02793	3.7229437
K02794	1.9047619
K02795	2.8571428
K02796	1.9047619
K02798	28.8444887
K02799	28.8444887
K02800	28.8444887
K02802	0.9302326
K02803	25.5592468
K02804	25.5592468
K02805	0
K02806	1.8181818
K02808	7.4418604
K02809	26.9656699
K02810	26.4894794
K02812	0
K02813	0
K02814	0
K02815	0
K02817	0
K02818	23.7229436
K02819	23.7229436
K02821	24.6290143
K02822	19.047619
K02823	1.4285714
K02824	38.7012986
K02825	88.0519478
K02826	20.7272726
K02827	19.9999999
K02828	17.6190475
K02829	19.9999999
K02834	94.9423907
K02835	99.4778552
K02836	92.6057351
K02837	89.5333036
K02838	99.281385
K02839	0
K02840	0
K02841	0
K02843	0
K02844	0
K02846	0
K02847	0
K02848	0
K02849	0
K02850	0
K02851	78.7012985
K02852	4.6753247
K02853	0.9523809
K02854	0
K02855	0
K02856	0
K02858	4.9324009
K02859	0
K02860	99.281385
K02862	4.6753247
K02863	100.3636361
K02864	94.5156546
K02867	95.6883114
K02871	99.9999997
K02874	98.9057451
K02876	95.1848149
K02878	94.8484846
K02879	99.7575755
K02881	99.9999997
K02884	94.8484846
K02886	99.281385
K02887	99.281385
K02888	98.4637065
K02890	98.5935767
K02892	99.5238092
K02895	98.803181
K02897	95.0822508
K02899	94.9610387
K02902	113.5497832
K02904	99.9999997
K02906	99.5238092
K02907	99.9999997
K02909	101.7758982
K02911	99.0476188
K02913	130.0221479
K02914	94.6060603
K02916	99.281385
K02919	99.759589
K02926	99.5238092
K02931	95.324675
K02933	95.324675
K02935	99.8874456
K02936	0
K02939	99.7575755
K02945	99.3939391
K02946	94.3722941
K02948	95.324675
K02950	99.9999997
K02952	99.9999997
K02954	118.8051944
K02956	95.324675
K02959	94.8484846
K02961	99.9999997
K02963	99.9999997
K02965	99.281385
K02967	99.5238092
K02968	95.324675
K02970	27.0303029
K02972	0
K02977	0
K02982	99.3839491
K02986	99.9999997
K02988	95.0822508
K02990	99.9999997
K02992	100.3636361
K02994	94.3944425
K02996	95.324675
K03030	0
K03040	99.7575755
K03043	99.9813517
K03046	95.306027
K03048	19.9999999
K03060	93.0303028
K03070	156.6888146
K03071	7.3293373
K03072	43.5940802
K03073	96.6185439
K03074	44.5243127
K03075	95.0449548
K03076	113.6536793
K03077	0
K03078	0
K03079	0
K03080	0
K03081	1.9047619
K03082	1.9047619
K03086	99.6177153
K03087	39.9999999
K03088	339.1168823
K03089	8.5687645
K03090	19.5238094
K03091	19.9999999
K03092	8.8484848
K03093	0
K03095	19.9999999
K03098	9.0514446
K03100	165.0068222
K03101	96.4908422
K03106	94.6626704
K03110	99.7575755
K03111	180.0769147
K03112	0
K03113	0
K03116	152.0634246
K03117	47.1120506
K03118	98.1683275
K03119	6.1423537
K03146	0
K03147	54.7439846
K03148	0
K03149	52.4274639
K03150	0
K03151	20.4761904
K03152	0
K03153	43.0768145
K03154	49.9033523
K03168	124.2717279
K03169	22.3366555
K03177	94.9423907
K03179	37.9393939
K03181	3.3939394
K03182	29.8701298
K03183	98.1818179
K03184	0
K03185	7.030303
K03186	29.8701298
K03187	58.5150506
K03188	60.1330915
K03189	60.1330915
K03190	60.1330915
K03191	0
K03192	9.1601731
K03194	0
K03195	0.2424242
K03196	0
K03197	0
K03198	0
K03199	0
K03200	0
K03201	0.2424242
K03202	0
K03203	0
K03204	0
K03205	0
K03206	0
K03207	0
K03208	0
K03210	66.7505825
K03212	0
K03214	0
K03215	25.2121211
K03216	96.1212119
K03217	142.9597065
K03218	97.9393937
K03219	0
K03220	0
K03221	0
K03222	0
K03223	0
K03224	0
K03225	0
K03226	0
K03227	0
K03228	0
K03229	0
K03230	0
K03265	0
K03268	0
K03269	3.1515151
K03270	3.3939394
K03271	6.0739261
K03272	0.2797203
K03273	0
K03274	0
K03275	0
K03276	0
K03277	0
K03278	0
K03279	0
K03280	0
K03281	10.2808819
K03282	85.866304
K03284	115.1372191
K03285	0
K03286	11.132867
K03287	0
K03288	2.9090909
K03289	0
K03290	0.9302326
K03291	14.025974
K03292	2.2462499
K03293	44.7230442
K03294	37.596899
K03296	56.3549781
K03297	29.1984293
K03298	7.5574348
K03299	83.6166311
K03300	29.6361621
K03301	0
K03303	93.9816769
K03304	2.1818182
K03305	70.9177487
K03306	88.9710287
K03307	59.1160775
K03308	45.9311384
K03309	0.4761905
K03310	123.3317221
K03311	98.6340477
K03312	60.1049026
K03313	10.6445183
K03314	0
K03315	28.0346319
K03316	60.0293968
K03317	23.7320044
K03318	0
K03319	22.5347829
K03320	87.6991843
K03321	44.0477196
K03322	45.5544144
K03324	22.4329003
K03325	26.2679955
K03326	24.1860465
K03327	43.182244
K03328	23.2900432
K03329	0
K03331	0
K03332	0
K03333	6.1057082
K03335	8.5569314
K03336	8.5569314
K03337	8.5569314
K03338	8.1932951
K03339	0
K03340	6.5116279
K03342	0
K03343	1.8604651
K03346	19.9999999
K03365	3.7209302
K03366	27.59106
K03367	19.9999999
K03379	0.4848485
K03380	5.5813953
K03381	11.7660324
K03382	2.70895
K03383	0
K03384	0
K03385	16.744186
K03386	60.8033824
K03387	30.2663846
K03388	0
K03389	0
K03390	0
K03391	0
K03392	0.4761905
K03394	16.7743884
K03395	0.4848485
K03396	1.4545454
K03397	0
K03399	14.025974
K03400	0
K03402	92.7272725
K03403	2.7484144
K03404	44.681365
K03405	41.0329205
K03406	17.0909089
K03407	6.5454545
K03408	16.2597402
K03409	1.8181818
K03410	0
K03411	1.8181818
K03412	22.3376623
K03413	9.4545454
K03414	0
K03415	0
K03417	13.6264975
K03418	0
K03423	0
K03424	104.1212118
K03425	0.7272727
K03426	48.9813751
K03427	94.0440951
K03428	1.8181818
K03429	38.7012986
K03430	3.1428571
K03431	94.6626704
K03432	0
K03433	0
K03435	2.1818182
K03436	87.9069765
K03437	91.4458872
K03438	99.7575755
K03439	99.254079
K03442	124.2907477
K03444	0
K03445	0.2424242
K03446	4.9696969
K03449	36.8009664
K03451	23.5238094
K03453	48.6948553
K03455	54.5887444
K03457	16.83882
K03458	0.9302326
K03459	0
K03462	4.6753247
K03464	8.9753347
K03465	59.0649349
K03466	172.7234465
K03468	0
K03469	56.7344282
K03470	97.9393937
K03471	19.9999999
K03472	0.4848485
K03473	3.3939394
K03474	5.2121212
K03475	50.6755259
K03476	1.4285714
K03477	0
K03478	4.6753247
K03480	35.791805
K03481	19.5238094
K03482	0
K03483	17.6190475
K03484	20.4761904
K03485	0
K03486	18.5714285
K03487	0
K03488	17.6744186
K03489	17.1428571
K03490	0
K03491	0.4761905
K03492	0
K03493	1.9047619
K03495	59.7575756
K03496	165.2966874
K03497	128.9994962
K03498	45.2727272
K03499	87.3190373
K03500	99.8787876
K03501	97.9393937
K03502	24.3636362
K03503	4.8484848
K03516	0
K03517	35.9341588
K03518	6.1298701
K03519	10.8051948
K03520	0
K03521	77.9393938
K03522	73.5064933
K03523	91.4372292
K03524	93.264069
K03525	33.2640692
K03526	78.429911
K03527	78.5697711
K03528	3.3939394
K03529	86.7282792
K03530	60.4675323
K03531	99.281385
K03532	1.4545454
K03533	1.4545454
K03534	0
K03535	20.7359306
K03536	88.3012024
K03537	0
K03543	11.2727272
K03544	95.0822508
K03545	99.1981349
K03546	56.0086578
K03547	56.0086578
K03548	0
K03549	6.9936575
K03550	93.264069
K03551	97.9393937
K03553	93.5064932
K03554	0
K03555	54.6253744
K03556	2.7906977
K03557	5.1748251
K03558	5.9114219
K03559	47.6363635
K03560	6.6666666
K03561	41.2640691
K03562	5.2121212
K03563	5.2121212
K03564	126.3736261
K03565	91.6883114
K03566	1.3333333
K03567	0
K03568	12.8471528
K03569	19.4805194
K03570	38.7619046
K03571	34.5627704
K03572	58.7306025
K03573	0.1398601
K03574	162.4812083
K03575	99.9999997
K03576	5.7342657
K03577	0.3636364
K03578	43.6363635
K03579	71.7547567
K03580	3.3939394
K03581	57.7995336
K03582	4.8951048
K03583	4.7552447
K03584	93.264069
K03585	5.6969696
K03586	4.3729603
K03587	79.3379951
K03588	71.286047
K03589	97.0091611
K03590	59.2813851
K03591	0
K03592	12.8471528
K03593	92.7878785
K03594	10.1818181
K03595	100.2116175
K03596	99.7575755
K03597	0
K03598	0
K03599	3.3939394
K03600	3.3939394
K03601	97.6969694
K03602	58.5512935
K03603	4.6753247
K03604	0
K03605	1.4545454
K03606	0.2424242
K03607	0
K03608	33.5064934
K03609	33.2640692
K03610	32.9843489
K03611	31.4458874
K03612	2.8531468
K03613	2.8531468
K03614	2.7132867
K03615	2.7132867
K03616	6.2470862
K03617	2.8531468
K03618	1.4545454
K03619	1.4545454
K03620	1.4545454
K03621	49.8701297
K03623	0
K03624	160.7792204
K03625	99.6177153
K03628	98.6874828
K03629	97.4632032
K03630	23.4285713
K03631	97.9393937
K03632	0
K03633	0
K03634	3.3939394
K03635	61.3937379
K03636	22.1818181
K03637	70.6988823
K03638	52.7272726
K03639	69.3115874
K03640	5.3519813
K03641	5.2121212
K03642	26.7705627
K03643	5.2121212
K03644	98.33633
K03645	0
K03646	7.8268398
K03647	99.5701195
K03648	87.3787915
K03649	62.4947145
K03650	59.7575756
K03651	3.3939394
K03652	78.7770057
K03653	0
K03654	89.8411353
K03655	181.5411251
K03656	5.2121212
K03657	197.4295777
K03658	0.3636364
K03660	0
K03664	94.1520182
K03665	98.1818179
K03666	25.2121211
K03667	23.4965034
K03668	4.6753247
K03669	1.8181818
K03670	3.2727272
K03671	99.1723312
K03672	12.8658008
K03673	4.7925407
K03674	0
K03675	0
K03676	5.4545454
K03683	5.2121212
K03684	45.1698377
K03685	67.0303028
K03686	139.6177152
K03687	96.3782881
K03688	7.0725863
K03689	0
K03690	3.3939394
K03692	0
K03693	0
K03694	37.9393939
K03695	97.0091611
K03696	92.251082
K03697	0
K03698	19.9999999
K03699	17.3409846
K03700	19.9999999
K03701	128.7337156
K03702	93.7402595
K03703	97.9393937
K03704	197.1836373
K03705	57.1670188
K03706	19.9999999
K03707	24.8311687
K03708	19.9999999
K03709	126.1673207
K03710	65.7517364
K03711	117.2072885
K03712	0
K03713	19.9999999
K03715	0
K03716	0
K03717	0
K03718	0.9302326
K03719	56.6580085
K03720	0
K03721	0
K03722	60.4761903
K03723	100.344988
K03724	45.5632738
K03726	0
K03727	39.9999999
K03731	0
K03732	3.3939394
K03733	90.5281382
K03734	14.7031263
K03735	4.0817477
K03736	4.0817477
K03737	0.3636364
K03738	0
K03739	19.9999999
K03740	19.9999999
K03741	19.2024564
K03742	43.7402596
K03743	49.5757574
K03744	7.467029
K03745	5.090909
K03746	7.8881118
K03747	1.3986014
K03748	4.6753247
K03749	0
K03750	128.7977445
K03752	57.5757574
K03753	21.4545453
K03755	0
K03756	0.9523809
K03757	0
K03758	62.6974728
K03759	0
K03760	6.060606
K03761	8.6088794
K03762	34.0497331
K03763	19.9999999
K03764	0
K03765	0
K03767	11.0387596
K03768	73.8354976
K03769	65.9913419
K03770	6.8531468
K03771	6.6107225
K03772	4.2567355
K03773	3.3939394
K03774	3.6363636
K03775	36.1212121
K03776	2.0211416
K03777	8.9753347
K03778	39.5497833
K03779	1.5757576
K03780	2.5059901
K03781	99.3140035
K03782	4.2029598
K03783	11.1446693
K03784	107.2154974
K03785	23.151515
K03786	76.5790796
K03787	33.2640692
K03788	0
K03789	64.3060503
K03790	41.1303734
K03791	4.6753247
K03793	0
K03794	0
K03795	18.7012987
K03796	0
K03797	122.1125538
K03798	151.9765193
K03799	18.8523104
K03800	70.1681261
K03801	74.9423908
K03802	9.5930736
K03803	1.0909091
K03804	0
K03805	0
K03806	3.3939394
K03807	0
K03808	6.060606
K03809	24.2770562
K03810	0
K03811	44.1059095
K03812	0
K03813	0.3636364
K03814	4.4848484
K03815	0
K03816	46.7705626
K03817	19.5238094
K03818	0
K03819	0
K03820	72.9004327
K03821	5.9393939
K03822	0
K03823	92.2279268
K03824	8.4904862
K03825	0
K03826	0
K03827	1.6796537
K03828	0.9302326
K03829	1.4545454
K03830	0.969697
K03831	1.8181818
K03832	13.2121211
K03833	1.8604651
K03834	0
K03835	0
K03836	0
K03837	28.8372092
K03838	0
K03839	2.1818182
K03840	0
K03841	6.3030302
K03851	1.8181818
K03852	0.7272727
K03855	0
K03856	0
K03862	10.4298801
K03863	10.63284
K03867	0
K03885	121.1082247
K03886	0
K03887	0
K03888	0
K03889	39.0697673
K03890	39.0697673
K03891	39.9999999
K03892	44.0467128
K03893	36.4069263
K03894	0.4761905
K03895	0.4761905
K03896	0
K03897	3.5968992
K03918	0
K03919	47.8054967
K03921	18.7012987
K03923	3.1515151
K03924	69.5362931
K03925	94.5454543
K03926	23.3766234
K03928	39.0476189
K03929	79.1311787
K03930	0
K03931	0
K03932	57.6744185
K03933	0
K03969	32.7272727
K03970	0
K03971	0
K03972	0
K03973	0
K03974	0
K03975	59.3045403
K03976	19.9999999
K03977	99.281385
K03978	27.2727271
K03979	99.3939391
K03980	74.9423908
K03981	10.1818181
K04013	0
K04014	0
K04015	0
K04016	0
K04017	0
K04018	0
K04019	0
K04020	0
K04021	0
K04022	0
K04023	0.4761905
K04024	0.3636364
K04025	0
K04026	0
K04027	0
K04028	0
K04029	0
K04030	1.9393939
K04031	0
K04032	0
K04033	0
K04034	1.8181818
K04035	1.4545454
K04036	1.8181818
K04037	1.8181818
K04038	1.8181818
K04039	1.8181818
K04040	1.8181818
K04041	19.5238094
K04042	94.32634
K04043	94.8398265
K04044	6.9327261
K04045	0.2424242
K04046	1.4545454
K04047	87.8644919
K04049	0
K04050	0
K04051	0
K04052	0
K04053	0
K04054	0
K04056	0
K04057	0
K04058	0
K04059	0
K04060	0
K04061	0
K04062	0
K04063	30.436726
K04064	0
K04065	0
K04066	89.7076254
K04067	0
K04068	20.454042
K04069	78.743179
K04070	0
K04071	0
K04072	16.1904761
K04073	0.9302326
K04074	48.0519479
K04075	95.0822508
K04076	0
K04077	137.830665
K04078	93.4642099
K04079	14.4229104
K04080	3.0955711
K04081	0
K04082	5.2121212
K04083	53.2640691
K04084	3.6363636
K04085	10.4242423
K04086	16.6666666
K04087	3.3566433
K04088	3.3566433
K04090	7.4362226
K04091	17.732407
K04092	1.8181818
K04093	41.9788582
K04094	54.5454544
K04095	3.7209302
K04096	90.2087987
K04097	2.1731602
K04098	2.7906977
K04099	0
K04100	0
K04101	0
K04102	0
K04103	25.4573642
K04105	0
K04107	0
K04108	0
K04109	0
K04110	0
K04112	0
K04113	0
K04114	0
K04115	0
K04116	0
K04117	0.9302326
K04118	0
K04126	0.2424242
K04127	0
K04128	0
K04333	0
K04334	0
K04335	0
K04336	0
K04337	0
K04338	0
K04343	0
K04477	0
K04478	19.047619
K04480	0
K04485	92.3338364
K04486	32.7272727
K04487	123.6544846
K04488	74.5627703
K04516	0
K04517	88.0519478
K04518	89.8701296
K04561	30.8786871
K04562	0
K04564	115.2007988
K04565	66.1705425
K04566	1.8181818
K04567	122.4154602
K04568	6.6107225
K04618	0
K04641	0
K04651	23.8284506
K04652	21.9679855
K04653	19.6532769
K04654	12.6173361
K04655	12.6173361
K04656	12.6173361
K04691	3.6363636
K04708	0
K04712	0
K04718	0
K04719	7.0601027
K04720	0
K04744	5.4545454
K04747	0
K04748	1.8181818
K04749	20.3636363
K04750	49.6520687
K04751	72.642706
K04752	3.3939394
K04753	5.6035437
K04754	5.2121212
K04755	11.92389
K04756	31.6279069
K04757	20.3636363
K04758	34.3549782
K04759	33.8286518
K04760	3.3939394
K04761	44.8484847
K04762	45.2121211
K04763	92.0952378
K04764	6.7505827
K04765	1.8181818
K04766	19.047619
K04767	28.051948
K04768	21.4323969
K04769	0
K04770	0
K04771	1.5384615
K04772	0
K04773	37.8295038
K04774	5.6596736
K04775	0
K04780	0
K04781	0
K04782	1.8181818
K04783	4.6733112
K04784	0.9523809
K04785	0
K04786	0
K04787	0
K04788	0.9302326
K04789	0
K04790	0
K04791	0
K04792	0
K04793	2.7906977
K04794	0
K04835	0
K04844	0
K04940	0
K05020	20.4761904
K05245	0
K05275	0
K05281	0
K05286	0
K05296	0
K05297	5.3333333
K05299	0
K05301	0
K05303	0
K05304	0
K05305	0
K05306	3.7489177
K05311	19.9999999
K05337	20.9302325
K05338	19.9999999
K05339	19.9999999
K05340	18.095238
K05341	23.3766234
K05342	5.5813953
K05343	54.5744487
K05344	0
K05345	0.7272727
K05346	29.7674418
K05348	0
K05349	30.274036
K05350	25.1706433
K05351	0
K05352	31.9047617
K05356	0
K05358	4.8484848
K05362	19.9999999
K05363	0
K05364	1.8604651
K05365	4.5501165
K05366	25.4545453
K05367	1.8181818
K05368	0
K05369	0
K05370	0
K05371	0
K05372	0
K05373	0
K05374	0
K05375	3.0331219
K05376	0
K05377	0
K05378	0
K05379	0
K05380	0
K05381	0
K05382	0
K05383	0
K05384	0
K05385	0
K05386	0
K05394	0
K05396	6.1212121
K05499	2.4069264
K05501	0
K05515	19.2380952
K05516	31.2034631
K05517	0.2424242
K05518	0
K05519	0
K05520	67.4311888
K05521	21.9085875
K05522	41.860465
K05523	19.7960333
K05524	5.2121212
K05525	0.2424242
K05526	3.3939394
K05527	7.2540792
K05539	33.5437895
K05540	2.060606
K05541	3.3939394
K05548	15.526427
K05549	9.2177589
K05550	8.7329105
K05551	0
K05552	0
K05553	0
K05554	0
K05555	0
K05556	0
K05558	0
K05559	10.9783549
K05560	6.3030302
K05561	6.3030302
K05562	6.060606
K05563	10.9783549
K05564	6.3030302
K05565	111.6762304
K05566	58.225108
K05567	117.2817876
K05568	117.2817876
K05569	121.0268797
K05570	107.4549478
K05571	121.4809218
K05572	0
K05573	0
K05574	0
K05575	0
K05576	0
K05577	18.5714285
K05578	0
K05579	0
K05580	0
K05581	0
K05582	0
K05583	0
K05584	0
K05585	0
K05586	0
K05587	0
K05588	0
K05589	6.5131457
K05590	0
K05591	0
K05592	44.112554
K05593	6.1038961
K05594	0
K05595	26.4069264
K05596	39.3488371
K05597	3.3939394
K05599	3.1515151
K05600	3.1515151
K05601	0
K05602	39.9999999
K05603	0.3636364
K05606	54.0320144
K05685	3.7575757
K05708	0.9302326
K05709	0
K05710	37.2544045
K05711	0.9302326
K05712	2.7906977
K05713	0.9302326
K05714	0
K05715	32.7272727
K05739	0
K05772	0
K05773	0
K05774	0.3636364
K05775	0
K05776	23.3766234
K05777	1.4545454
K05778	1.4545454
K05779	1.4545454
K05780	0.3636364
K05781	0.3636364
K05782	42.5635758
K05783	8.9753347
K05784	8.7329105
K05785	0
K05786	68.3269906
K05787	1.5384615
K05788	6.5268065
K05789	0
K05790	0
K05791	18.9437229
K05792	14.2683983
K05793	14.025974
K05794	48.4329003
K05795	28.5367965
K05796	0
K05797	0
K05798	0
K05799	4.1038961
K05800	4.3636363
K05801	1.8181818
K05802	0
K05803	0
K05804	0
K05805	1.4545454
K05806	0
K05807	6.6107225
K05808	12.7445887
K05809	0
K05810	97.7056274
K05811	0
K05812	0
K05813	44.4385381
K05814	21.0619148
K05815	21.0619148
K05816	6.1057082
K05817	3.1515151
K05818	0.7272727
K05819	1.4545454
K05820	3.3939394
K05822	16.6666666
K05823	0
K05824	23.3766234
K05825	28.051948
K05826	18.7012987
K05827	23.3766234
K05828	23.3766234
K05829	28.051948
K05830	28.051948
K05831	28.051948
K05832	6.5116279
K05833	6.5116279
K05834	2.9090909
K05835	0
K05836	4.2424242
K05837	43.4372293
K05838	41.8181817
K05839	0
K05841	0
K05844	4.6753247
K05845	101.0862778
K05846	170.0090602
K05847	90.3292054
K05851	0
K05873	0.9523809
K05874	0
K05875	0
K05876	0
K05877	0
K05878	45.1162789
K05879	45.1162789
K05880	0
K05881	25.116279
K05882	1.8604651
K05883	0
K05884	0
K05885	1.9047619
K05886	0
K05887	0
K05888	0
K05889	0
K05893	0
K05895	30.655391
K05896	88.5887443
K05897	0
K05898	0.9302326
K05899	0
K05900	0
K05903	2.2241015
K05905	0.9302326
K05910	0
K05911	0.3636364
K05912	0.4761905
K05913	0
K05915	0
K05916	37.1205072
K05917	0
K05918	0
K05919	0
K05921	18.7012987
K05922	0
K05926	1.8604651
K05927	0
K05928	0
K05929	0
K05934	16.7743884
K05936	44.681365
K05937	13.0675526
K05939	0
K05941	0
K05942	1.8604651
K05944	0
K05945	0
K05946	43.3766233
K05949	0
K05951	0.3636364
K05952	0
K05956	0
K05957	0
K05962	0
K05964	0
K05966	0
K05967	0
K05968	0
K05970	0
K05971	0
K05972	0
K05973	1.4545454
K05977	0.4848485
K05978	0
K05979	42.077922
K05982	9.3506493
K05984	0
K05985	19.9999999
K05986	0
K05988	0
K05989	0
K05991	0
K05992	0
K05994	0
K05995	10.25672
K05996	0
K05997	1.6783217
K05998	0
K05999	0
K06001	4.1212121
K06006	0
K06011	0
K06012	0
K06013	0
K06015	0
K06016	15.2928621
K06017	0
K06019	0
K06020	0
K06021	0
K06022	0
K06023	21.4545453
K06024	92.5541123
K06026	0
K06027	0
K06033	0
K06034	0
K06036	0
K06039	0
K06041	5.2121212
K06042	44.681365
K06044	33.2032618
K06045	0
K06046	0
K06048	46.5357897
K06049	1.8181818
K06073	0
K06074	0
K06075	0.7272727
K06076	3.3939394
K06077	0
K06078	0
K06079	0
K06080	0
K06113	18.7012987
K06118	3.3150106
K06120	0
K06121	0
K06122	0
K06125	0
K06131	91.365301
K06132	0
K06133	8.6926406
K06134	3.3939394
K06135	0.969697
K06136	4.8484848
K06137	4.8484848
K06138	4.8484848
K06139	4.8484848
K06140	0
K06141	1.5384615
K06142	54.8225107
K06143	0.2424242
K06144	0
K06145	1.8181818
K06146	0
K06147	293.0236113
K06148	53.6473757
K06149	0.1398601
K06151	0
K06152	0
K06153	97.3902683
K06155	0
K06156	0
K06157	0
K06158	66.8138526
K06159	0
K06160	0
K06161	0
K06162	0.3636364
K06163	0.3636364
K06164	0.3636364
K06165	0.3636364
K06166	0.3636364
K06167	15.8441558
K06168	90.1700158
K06169	3.3939394
K06173	95.0822508
K06175	0
K06176	32.7272727
K06177	51.9999998
K06178	97.8971103
K06179	14.4721634
K06180	200.536796
K06181	3.3939394
K06182	0
K06183	25.2544044
K06186	4.6526806
K06187	93.264069
K06188	10.454042
K06189	6.3869463
K06190	6.7505827
K06191	39.9999999
K06192	3.1515151
K06193	39.5538104
K06194	4.3729603
K06195	28.051948
K06196	79.2207791
K06197	4.6753247
K06198	18.095238
K06199	137.5666965
K06200	36.4369273
K06201	6.1038961
K06202	1.6783217
K06203	0
K06204	6.8904428
K06205	0
K06206	0
K06207	94.9423907
K06208	0
K06209	19.9999999
K06211	0
K06212	0
K06213	51.8522096
K06214	0
K06215	88.0519478
K06216	18.095238
K06217	97.5757573
K06218	0
K06219	0
K06221	9.8266384
K06222	3.8787878
K06223	19.4448806
K06236	0
K06237	0
K06281	12.6173361
K06282	12.6173361
K06283	0
K06284	0
K06285	0
K06286	19.9999999
K06287	79.5151513
K06288	0
K06289	0
K06290	0
K06291	0
K06292	0
K06293	0
K06294	0
K06295	0
K06296	0
K06297	0
K06298	0
K06299	0
K06300	0
K06301	0
K06302	0
K06303	0
K06304	0
K06305	0
K06306	0
K06307	0
K06308	0
K06309	0
K06310	0
K06311	0
K06312	0
K06313	0
K06314	0
K06315	0
K06317	0
K06318	0
K06319	0
K06320	0
K06321	0
K06322	0
K06323	0
K06324	0
K06325	0
K06326	0
K06327	0
K06328	0
K06329	0
K06330	0
K06331	0
K06332	0
K06333	0
K06334	0
K06335	0
K06336	0
K06337	0
K06338	0
K06339	0
K06340	0
K06341	0
K06342	0
K06343	0
K06344	0
K06345	0
K06346	33.6575053
K06347	19.9999999
K06348	0
K06349	0
K06350	0
K06351	0
K06352	0
K06353	0
K06354	0
K06355	0
K06356	0
K06357	0
K06358	0
K06359	0
K06360	0
K06361	0
K06362	0
K06363	0
K06364	0
K06365	0
K06366	0
K06367	0
K06368	0
K06369	0
K06370	0
K06371	0
K06372	0
K06373	0
K06374	0
K06375	0
K06376	0
K06377	20.8484848
K06378	0
K06379	0
K06380	0
K06381	32.7272727
K06382	0
K06383	0
K06384	0.9523809
K06385	0
K06386	0
K06387	0
K06388	0
K06389	0
K06390	0
K06391	0
K06392	0
K06393	0
K06394	0
K06395	0
K06396	0
K06397	0
K06398	0
K06399	0
K06400	6.6666666
K06401	0
K06402	0
K06403	0
K06404	0
K06405	0
K06406	0
K06407	0
K06408	0
K06409	0
K06410	0
K06411	0
K06412	19.047619
K06413	0
K06414	0
K06415	0
K06416	32.7272727
K06417	0
K06418	0
K06419	0
K06420	0
K06421	0
K06422	0
K06423	0
K06424	0
K06425	0
K06426	0
K06427	0
K06428	0
K06429	0
K06430	0
K06431	0
K06432	0
K06433	0
K06434	0
K06435	0
K06436	0
K06437	0
K06438	0
K06439	0
K06440	0
K06441	0
K06442	39.9999999
K06443	23.3524615
K06444	0
K06445	3.6363636
K06446	24.6406926
K06447	3.6363636
K06518	45.8181817
K06580	0
K06595	0
K06596	6.1298701
K06597	0
K06598	0
K06599	0
K06600	0
K06601	0.3636364
K06602	0.3636364
K06603	0
K06604	0
K06605	2.7906977
K06606	0
K06607	0
K06608	0
K06609	0
K06610	0
K06714	0
K06718	0
K06720	0
K06726	28.8502969
K06857	0
K06858	0
K06859	0
K06860	39.0697673
K06861	37.9393939
K06864	2.8128461
K06866	0
K06867	49.0808415
K06871	2.6098862
K06872	3.8701298
K06873	0
K06876	1.4545454
K06877	67.1217154
K06878	33.3679652
K06879	3.5337995
K06880	9.3506493
K06881	87.1458772
K06882	0
K06883	32.7272727
K06884	0
K06885	24.6753246
K06886	101.4871638
K06887	0
K06888	33.6575053
K06889	159.3343398
K06890	50.4848483
K06891	72.5762608
K06892	0.4848485
K06893	4.6753247
K06894	6.4935065
K06895	64.2579279
K06896	2.384778
K06897	0
K06898	5.1495016
K06899	0.7272727
K06900	0
K06901	72.0567802
K06902	8.3298097
K06903	19.1861472
K06904	18.2692036
K06905	1.2121212
K06906	0.8484848
K06907	19.5497835
K06908	0.8484848
K06909	10.8658008
K06910	55.6921371
K06911	47.1402394
K06912	0
K06915	37.9220778
K06916	33.2640692
K06917	1.4545454
K06918	1.8181818
K06919	15.7988523
K06920	47.2740591
K06921	0
K06922	0.3636364
K06923	7.3939393
K06925	83.2497732
K06926	2.8128461
K06927	1.2121212
K06928	0
K06929	34.5454545
K06931	0
K06933	0
K06934	20.3896103
K06936	0
K06937	0
K06938	4.8484848
K06940	35.3939393
K06941	86.7101578
K06942	102.5482731
K06944	0
K06945	9.8354978
K06946	0
K06947	0
K06948	19.9999999
K06949	77.7835495
K06950	77.4025972
K06951	4.6753247
K06952	1.8181818
K06953	1.4545454
K06954	2.6666666
K06955	14.025974
K06956	28.0692639
K06957	0
K06958	85.2803783
K06959	63.8365043
K06960	32.7272727
K06962	19.047619
K06966	119.1005734
K06967	48.0519479
K06968	0
K06969	119.9999998
K06970	0
K06971	1.0909091
K06972	31.4458874
K06973	48.0519479
K06974	0
K06975	92.0364439
K06976	0
K06977	0
K06978	18.0730896
K06979	36.3789388
K06980	75.0822509
K06983	0
K06985	1.8181818
K06986	8.372093
K06987	0.2424242
K06988	16.4441759
K06989	5.2544045
K06990	0.2424242
K06991	0
K06992	1.6969697
K06993	0
K06994	142.9115067
K06995	3.1515151
K06996	61.5532063
K06997	92.8022053
K06998	98.4208193
K06999	41.8393233
K07000	3.3939394
K07001	24.8658008
K07002	52.9437227
K07003	3.3939394
K07004	51.3158159
K07005	9.487164
K07006	15.8622772
K07007	30.6666665
K07008	5.4545454
K07009	59.9999998
K07010	13.5276351
K07011	18.5953891
K07012	23.1164804
K07013	0
K07014	0
K07015	48.0519479
K07016	0.9523809
K07017	8.9090909
K07018	5.2121212
K07019	3.1515151
K07020	0
K07021	1.8181818
K07023	40.5194804
K07024	303.2599174
K07025	178.6229735
K07026	0
K07027	39.9999999
K07028	15.4805195
K07029	136.2279268
K07030	90.8668074
K07031	0
K07032	26.2220879
K07033	0.4761905
K07034	0
K07035	58.6046509
K07037	0
K07038	39.9999998
K07039	3.3939394
K07040	90.7272725
K07041	0
K07042	99.3939391
K07043	77.9393938
K07044	23.5151513
K07045	13.8854323
K07046	12.5905567
K07047	34.9638578
K07048	7.6266989
K07050	24.8311688
K07051	4.6753247
K07052	167.3101776
K07053	27.8614718
K07054	74.9880196
K07056	99.337995
K07057	0
K07058	107.9842944
K07061	0
K07062	14.9562066
K07063	0
K07064	4.6753247
K07065	0
K07066	0
K07067	5.5813953
K07068	0
K07069	0.4761905
K07070	3.6363636
K07071	65.9663745
K07074	9.3506493
K07075	33.6575053
K07076	0
K07077	19.6295177
K07078	23.4458873
K07079	0
K07080	25.9220779
K07081	28.051948
K07082	73.2640691
K07083	28.051948
K07084	56.9064732
K07085	68.2706129
K07086	4.6753247
K07088	83.6317323
K07089	33.329709
K07090	258.5982072
K07091	37.9393939
K07092	0
K07093	19.7535487
K07094	19.9999999
K07095	39.1774891
K07096	0
K07097	0
K07098	45.4718614
K07099	32.7272727
K07100	0
K07101	34.4186046
K07102	5.2121212
K07104	87.7756969
K07105	0.4761905
K07106	28.3982683
K07107	216.8571422
K07109	0
K07110	46.2241013
K07112	81.8667067
K07113	42.6638476
K07114	55.3138024
K07115	5.2121212
K07116	9.3506493
K07117	0.3636364
K07118	15.6728078
K07119	38.8114365
K07120	65.2572232
K07121	0.2424242
K07122	3.3939394
K07123	0
K07124	67.6613307
K07125	4.6753247
K07126	10.9783549
K07127	16.9475485
K07129	0
K07130	23.3766234
K07131	42.5627705
K07132	7.5324675
K07133	13.0232558
K07136	0
K07137	0
K07138	0
K07139	19.9999999
K07140	2.7484144
K07141	11.7354273
K07145	138.4310879
K07146	112.5886203
K07147	62.2337662
K07148	36.060606
K07149	13.0715796
K07150	14.025974
K07152	53.2467532
K07153	4.8951048
K07154	7.8449612
K07155	0
K07156	54.9870129
K07157	20.5194805
K07160	55.0762104
K07161	6.1298701
K07162	0
K07164	66.1914828
K07165	2.7878788
K07166	39.9999999
K07167	1.4545454
K07168	4.6060606
K07169	0
K07170	21.8181817
K07171	35.4545453
K07172	9.8268398
K07173	45.2370884
K07175	8.372093
K07176	0
K07177	39.9999999
K07178	28.051948
K07180	0
K07181	0
K07182	45.360314
K07183	3.3852814
K07184	0
K07185	5.1293667
K07186	0
K07190	0
K07192	21.4919964
K07212	0
K07213	29.0476189
K07214	41.7054263
K07215	2.1818182
K07216	1.4545454
K07217	10.6445183
K07218	0
K07219	0
K07220	48.0519479
K07221	0
K07222	10.6356589
K07223	6.9908386
K07224	21.2274236
K07225	1.8181818
K07226	1.4545454
K07227	0.3636364
K07228	19.6536796
K07229	0
K07230	0
K07231	1.4545454
K07232	1.8181818
K07233	3.8787878
K07234	3.2727272
K07235	5.4545454
K07236	1.8181818
K07237	1.8181818
K07238	25.5419309
K07239	0
K07240	58.8108324
K07241	31.1688311
K07242	0
K07243	24.9725158
K07245	55.441055
K07246	10.6964663
K07248	2.3809524
K07250	10.7087486
K07251	0
K07255	0
K07256	0
K07257	0
K07258	64.9294269
K07259	70.8003623
K07260	0
K07261	1.8181818
K07262	3.3939394
K07263	16.6926407
K07264	0
K07265	0.3636364
K07266	0.3636364
K07267	7.2727272
K07268	0
K07269	0
K07270	0.8484848
K07271	0
K07272	0
K07273	4.5974026
K07274	0
K07275	7.7575757
K07276	3.3939394
K07277	11.4259074
K07278	1.8181818
K07279	0
K07280	0
K07281	0
K07282	8.8571428
K07283	1.4545454
K07284	29.3023255
K07285	0
K07286	0
K07287	0
K07288	0
K07289	1.4545454
K07290	0
K07300	24.282694
K07301	9.8508003
K07302	1.0909091
K07303	1.0909091
K07304	124.7794217
K07305	93.1515149
K07306	1.8604651
K07307	1.8604651
K07308	1.8604651
K07309	0
K07310	0
K07311	0
K07312	0
K07313	32.9696969
K07314	0
K07315	18.095238
K07316	13.0232558
K07317	0
K07318	0.2424242
K07319	1.6575053
K07320	3.3939394
K07321	0
K07322	18.8225107
K07323	5.2121212
K07326	0
K07334	5.8238196
K07335	29.8701298
K07336	3.6363636
K07337	1.1188811
K07338	1.4545454
K07339	1.8181818
K07340	21.8528138
K07341	2.3366556
K07343	4.6753247
K07344	0
K07345	6.060606
K07346	14.4415584
K07347	13.4025973
K07348	0
K07349	0
K07350	0
K07351	0
K07352	0
K07353	0
K07354	0
K07355	0
K07356	0
K07357	0
K07358	0
K07386	40.2424241
K07387	0.3636364
K07389	0.4848485
K07390	7.2727272
K07391	73.7336151
K07393	35.718514
K07394	3.3939394
K07395	4.9696969
K07396	4.6753247
K07397	77.9760393
K07399	55.8139533
K07400	5.2121212
K07401	0
K07402	22.5531057
K07403	4.6753247
K07404	6.3536463
K07405	0
K07406	14.025974
K07407	4.6753247
K07442	39.9999999
K07443	35.8787878
K07444	20.2424241
K07445	0.3636364
K07447	99.6177153
K07448	15.8864391
K07449	0
K07451	0
K07452	0
K07453	5.1515151
K07454	4.6753247
K07455	13.3111849
K07456	48.0519479
K07457	18.5714285
K07458	11.1601731
K07459	0.4848485
K07460	66.0887948
K07461	19.5238094
K07462	55.1245342
K07464	5.4025974
K07465	39.0697673
K07467	5.2727272
K07470	0
K07471	0
K07473	0.4848485
K07474	25.5151514
K07476	17.6190475
K07478	93.272727
K07479	0
K07480	14.025974
K07481	0.3636364
K07482	8.5049834
K07483	36.3757172
K07484	24.5194804
K07485	8.4606866
K07486	0.7272727
K07487	0
K07488	0
K07489	0
K07490	0
K07491	60.4502163
K07492	6.5357898
K07493	0
K07494	6.5357898
K07495	23.3766234
K07496	37.4025974
K07497	25.3474277
K07498	5.1495016
K07499	0
K07501	3.3939394
K07502	0
K07503	44.6753246
K07504	23.513138
K07505	0.3636364
K07506	2.6666666
K07507	24.471358
K07516	71.886439
K07518	0
K07519	0
K07533	19.9999999
K07534	0
K07535	0.9302326
K07536	0
K07537	0
K07538	0
K07539	0
K07540	0
K07543	0
K07544	0
K07545	0
K07546	0
K07547	0
K07548	0
K07549	0
K07550	0
K07552	51.5636764
K07559	28.051948
K07560	97.4632032
K07566	57.6336994
K07567	62.1923036
K07568	58.7785546
K07570	0
K07571	52.7272726
K07574	23.3939393
K07576	18.7012987
K07577	1.4545454
K07578	0
K07584	17.6190475
K07586	19.9999999
K07588	86.5321654
K07589	0
K07590	18.5714285
K07591	0
K07592	0
K07636	25.2121211
K07637	0
K07638	5.2121212
K07639	3.3939394
K07640	0
K07641	0.2424242
K07642	22.095238
K07643	0
K07644	1.6969697
K07645	4.2424242
K07646	42.1634952
K07647	0
K07648	0
K07649	0
K07650	0
K07651	19.9999999
K07652	19.9999999
K07653	38.1395348
K07654	39.9999999
K07657	20.3382663
K07658	19.9999999
K07659	5.2121212
K07660	0
K07661	3.3939394
K07662	0
K07663	0.2424242
K07664	3.3939394
K07665	1.2121212
K07666	4.2424242
K07667	28.1375212
K07668	19.9999999
K07669	38.1395348
K07670	39.9999999
K07671	0
K07673	0
K07674	0
K07675	0.3636364
K07676	0
K07677	0
K07678	3.3939394
K07679	0
K07680	0
K07681	19.9999999
K07683	19.047619
K07684	0
K07685	0
K07686	0
K07687	0
K07688	0
K07689	0
K07690	0
K07691	0
K07692	0
K07693	23.3524615
K07694	19.9999999
K07695	0
K07696	19.5238094
K07697	0
K07698	0
K07699	0
K07700	0
K07701	0
K07702	0
K07703	0
K07704	19.5238094
K07705	19.047619
K07706	19.5238094
K07707	19.9999999
K07708	4.9696969
K07709	0
K07710	0
K07711	0
K07712	5.2121212
K07713	0
K07714	0
K07715	0
K07716	0
K07717	0
K07718	0
K07719	0
K07720	17.1428571
K07722	4.3636363
K07723	0
K07724	0.3636364
K07726	0.3636364
K07727	13.5900533
K07729	49.5006542
K07733	0.3636364
K07734	18.6926406
K07735	69.682999
K07736	69.8701297
K07737	4.6511628
K07738	97.9393937
K07739	0
K07740	0
K07741	9.2678949
K07742	82.8581494
K07746	0
K07749	0
K07751	0
K07757	0
K07768	39.9999999
K07769	0
K07770	0
K07771	0
K07772	1.4545454
K07773	0
K07774	0
K07775	19.5238094
K07776	39.9999999
K07777	0
K07778	38.5885431
K07780	0
K07781	0
K07782	7.6363636
K07783	0
K07784	35.2713177
K07785	0
K07786	0
K07787	0
K07788	0.4848485
K07789	0.2424242
K07790	1.5384615
K07791	35.9136212
K07792	28.8372092
K07793	26.6165307
K07794	25.6862981
K07795	24.1191986
K07796	0
K07797	0
K07798	0
K07799	0.4848485
K07800	18.5714285
K07801	0
K07802	0
K07803	0
K07804	0
K07805	0
K07806	0
K07807	0
K07810	0
K07811	0
K07812	2.1818182
K07813	19.9999999
K07814	0
K07816	19.5238094
K07821	0
K07823	0.2424242
K07824	0
K07862	3.3939394
K07978	0
K07979	9.9999999
K07991	0
K08068	0
K08070	0.9523809
K08076	0
K08077	0
K08078	0
K08081	0
K08082	3.1515151
K08083	3.3939394
K08084	10.4935064
K08085	0.2424242
K08086	0
K08087	0
K08088	0
K08092	0
K08093	21.4285713
K08094	20.4761904
K08095	0
K08097	0
K08100	0
K08137	0
K08138	0
K08139	0.4761905
K08151	46.5627705
K08152	4.6753247
K08153	19.9999999
K08154	0
K08156	47.0745996
K08159	0
K08160	3.3939394
K08161	0
K08162	23.3766234
K08163	0
K08164	0.4761905
K08166	0
K08167	34.5678042
K08168	0.4761905
K08169	0
K08170	52.8128458
K08172	0.2424242
K08173	0
K08174	0
K08177	0.9302326
K08178	0
K08191	0
K08194	0
K08195	7.030303
K08196	8.9696969
K08217	33.6333434
K08218	3.7575757
K08219	0
K08220	0
K08221	0
K08222	0
K08223	36.2424242
K08224	33.1384119
K08225	0.2424242
K08226	5.4545454
K08227	0
K08234	0
K08252	0.3636364
K08253	5.6277056
K08255	10.4761904
K08256	39.9999999
K08258	16.1904761
K08259	14.7619047
K08261	1.0909091
K08262	0
K08276	0
K08277	0
K08278	0
K08279	0
K08280	0
K08281	49.1996374
K08282	0
K08286	0
K08289	43.3939393
K08295	0
K08296	7.6391825
K08297	0
K08298	0
K08299	0.2424242
K08300	45.4007696
K08301	3.3939394
K08302	0
K08303	57.9393938
K08304	2.7132867
K08305	4.1212121
K08306	0
K08307	0
K08308	1.3986014
K08309	5.2121212
K08310	0
K08311	5.2121212
K08312	0
K08313	0
K08314	0
K08315	0
K08316	46.5268064
K08317	0
K08318	0
K08319	0
K08320	0
K08321	0.7272727
K08322	0
K08323	0.9302326
K08324	0
K08325	0
K08326	0
K08344	0
K08348	0
K08349	0
K08350	0
K08351	0
K08352	0
K08353	0
K08354	0
K08355	0
K08356	0
K08357	0
K08358	0
K08359	0
K08363	0
K08364	0
K08365	0.2424242
K08368	1.4545454
K08369	71.3218563
K08372	39.9999999
K08384	0
K08475	0
K08476	0
K08477	0
K08478	0
K08479	0
K08480	0
K08481	0
K08482	0
K08483	79.0269883
K08484	5.2121212
K08485	2.1818182
K08566	0
K08567	0
K08586	0
K08587	0
K08589	0
K08590	19.9999999
K08591	55.475687
K08597	0
K08598	0
K08599	0
K08600	16.1904761
K08602	77.9220778
K08603	0
K08604	0
K08605	0
K08641	0
K08642	0
K08643	0
K08646	0
K08651	0
K08652	0
K08659	0
K08675	0
K08676	0
K08677	0
K08679	5.8787879
K08680	19.9999999
K08681	85.2612502
K08682	0
K08685	0
K08686	0
K08687	0
K08688	2.7484144
K08689	0
K08690	0
K08691	0
K08692	0
K08693	0
K08696	0
K08697	0
K08698	0
K08699	0
K08700	0
K08710	0
K08713	0
K08714	0.3636364
K08715	4.6753247
K08717	20.9080841
K08720	1.4545454
K08721	0
K08722	0
K08723	0
K08724	0
K08728	0
K08738	5.4545454
K08777	0
K08838	0
K08884	210.9475481
K08900	4.6753247
K08902	0
K08903	0
K08904	0
K08906	0
K08918	0
K08919	0
K08920	0
K08921	0
K08922	0
K08923	0
K08924	0
K08925	0
K08926	1.8181818
K08927	1.8181818
K08928	1.8181818
K08929	1.8181818
K08930	3.2727272
K08939	3.2727272
K08961	0
K08963	1.8181818
K08964	0
K08965	0
K08966	0
K08967	0
K08969	0
K08970	0
K08972	37.3542736
K08973	5.2121212
K08974	57.6633442
K08976	48.0519479
K08977	14.025974
K08978	4.6753247
K08980	0
K08981	41.3953487
K08982	0.4761905
K08983	0
K08984	3.3939394
K08985	0
K08986	0
K08987	29.364945
K08988	0
K08989	0
K08990	1.8181818
K08992	0.2424242
K08993	0
K08994	7.1515151
K08995	21.1255411
K08996	28.8744588
K08997	3.1515151
K08998	73.5327151
K08999	35.3488371
K09000	4.6753247
K09001	5.2121212
K09002	2.3809524
K09003	0
K09004	14.025974
K09005	1.8181818
K09007	26.9783549
K09008	1.8181818
K09009	38.1395348
K09011	0
K09012	0
K09013	89.8701296
K09014	89.8701296
K09015	93.7056275
K09016	0
K09017	7.7603946
K09018	0.4848485
K09019	3.0331219
K09020	0.4848485
K09021	0.4848485
K09022	0.2797203
K09023	0.4848485
K09024	3.8787878
K09065	0
K09116	0
K09117	42.0819489
K09118	39.9999999
K09120	23.3766234
K09121	5.1495016
K09122	0
K09123	0
K09124	4.6753247
K09125	62.8450617
K09126	0
K09127	4.6753247
K09128	0
K09129	0
K09131	1.8181818
K09132	0
K09134	12.8571428
K09136	49.2427261
K09137	0
K09138	0
K09141	0
K09143	0
K09144	0
K09145	19.8268398
K09146	56.8408335
K09153	5.5813953
K09154	0
K09155	0.4761905
K09157	39.9999999
K09158	5.4545454
K09159	5.2121212
K09160	5.4545454
K09161	2.1028894
K09162	87.5757574
K09163	32.7272727
K09164	33.6333434
K09165	4.6753247
K09166	9.3506493
K09167	41.3953487
K09181	0
K09190	9.3506493
K09251	14.025974
K09252	1.8181818
K09384	6.0575858
K09386	6.1298701
K09388	0
K09456	1.1726568
K09457	43.3766233
K09458	56.9696968
K09459	0
K09461	0
K09469	0
K09470	2.6666666
K09471	1.8181818
K09472	1.8181818
K09473	0
K09474	0
K09475	0
K09476	1.2587412
K09477	0
K09483	3.1515151
K09516	0
K09607	0
K09612	0
K09650	0
K09680	19.9999999
K09681	4.6511628
K09682	0.9523809
K09683	0
K09684	12.163294
K09685	19.5238094
K09686	244.2353763
K09687	317.1728573
K09688	0.3636364
K09689	0.7272727
K09690	41.860465
K09691	39.0697673
K09692	40.9523807
K09693	40.9523807
K09694	0
K09695	0
K09696	28.051948
K09697	32.7272727
K09698	19.9999999
K09699	19.9999999
K09700	0
K09701	2.9090909
K09702	0
K09703	0
K09704	0
K09705	20.5021644
K09706	0
K09707	28.051948
K09709	0
K09710	98.1818179
K09711	0
K09712	5.2121212
K09720	0
K09726	0
K09729	0
K09732	0
K09740	0
K09744	14.025974
K09747	99.6177153
K09748	93.264069
K09749	0
K09758	1.6969697
K09759	32.7272727
K09760	3.6786469
K09761	94.8025305
K09762	59.9999998
K09763	52.7272726
K09764	33.6575053
K09765	23.6363635
K09766	0
K09767	3.6363636
K09768	25.2121211
K09769	49.8701297
K09770	0
K09771	22.3463202
K09772	59.9999998
K09773	57.3804488
K09774	5.2121212
K09775	23.3766234
K09776	0
K09777	0
K09778	0
K09779	0.3636364
K09780	41.3278968
K09781	67.6585119
K09785	9.3506493
K09786	0
K09787	19.5238094
K09788	4.8484848
K09789	0.3636364
K09790	72.0753043
K09791	39.027484
K09792	0
K09793	52.7051242
K09794	0.3636364
K09795	0
K09796	68.9398972
K09797	4.6753247
K09798	0.3636364
K09799	24.1558441
K09800	11.4911754
K09801	6.2470862
K09802	1.3986014
K09803	0
K09804	0
K09805	0
K09806	3.7575757
K09807	2.384778
K09808	35.5670995
K09809	14.2857142
K09810	39.3379952
K09811	74.5454544
K09812	69.8701297
K09813	19.9999999
K09814	19.9999999
K09815	28.2350981
K09816	27.1142189
K09817	27.1142189
K09818	9.3506493
K09819	19.6073693
K09820	18.6771368
K09822	18.5714285
K09823	4.8484848
K09824	0
K09825	19.9999999
K09826	1.4545454
K09833	0
K09834	0
K09835	0
K09836	0
K09844	1.8181818
K09845	1.8181818
K09846	1.8181818
K09847	1.8181818
K09857	2.9090909
K09858	52.5988119
K09859	0
K09860	1.4545454
K09861	44.8484847
K09862	5.4545454
K09879	0
K09880	0
K09882	1.8181818
K09883	1.8181818
K09888	21.9766899
K09889	3.3939394
K09890	0
K09891	0
K09892	0
K09893	0.3636364
K09894	0
K09895	3.3939394
K09896	0
K09897	0
K09898	0
K09899	0
K09900	0
K09901	0
K09902	3.3939394
K09903	99.4778552
K09904	0
K09906	3.3939394
K09907	0
K09908	0
K09909	3.3939394
K09910	0
K09911	0
K09912	3.3939394
K09913	3.3939394
K09914	9.3506493
K09915	0
K09916	3.3939394
K09917	0
K09918	0
K09919	1.8181818
K09920	0
K09921	1.8181818
K09922	9.6450216
K09923	0
K09924	0
K09925	0
K09926	0
K09927	32.6580086
K09928	4.9696969
K09929	0.7272727
K09930	0.7272727
K09931	0
K09932	37.4025974
K09933	0
K09934	0
K09935	11.7748917
K09936	72.78063
K09937	0.3636364
K09938	0
K09939	4.6753247
K09940	38.2251081
K09941	0
K09942	0
K09943	0
K09944	0
K09945	2.8531468
K09946	20.3805496
K09947	1.4545454
K09948	0
K09949	1.8181818
K09950	0
K09951	9.3687707
K09952	6.9878184
K09953	0
K09954	0
K09955	4.6753247
K09956	10.1874559
K09957	1.6575053
K09958	4.6753247
K09959	0
K09960	2.1818182
K09961	1.9393939
K09962	14.5108225
K09963	19.047619
K09964	0
K09965	17.4199134
K09966	4.8484848
K09967	18.9686901
K09968	6.1038961
K09969	2.5454545
K09970	2.5454545
K09971	2.5454545
K09972	35.2727272
K09973	1.4545454
K09974	0
K09975	4.0817477
K09976	19.9999999
K09977	3.1515151
K09978	0
K09979	0
K09980	0
K09981	0
K09982	0.6060606
K09983	0
K09984	0
K09985	1.8181818
K09986	5.2121212
K09987	1.8181818
K09988	0.3636364
K09989	4.9696969
K09990	0
K09991	0
K09992	4.6753247
K09994	0
K09996	0
K09997	0
K09998	0
K09999	0
K10000	0
K10001	3.1515151
K10002	3.1515151
K10003	3.1515151
K10004	3.1515151
K10005	27.9069767
K10006	26.0465116
K10007	26.9767441
K10008	26.9767441
K10009	33.073593
K10010	19.047619
K10011	0
K10012	0
K10013	0
K10014	2.9090909
K10015	2.9090909
K10016	2.9090909
K10017	2.6666666
K10018	0
K10019	0
K10020	0
K10021	0
K10022	0
K10023	0
K10024	0
K10025	0
K10026	23.7762236
K10027	26.1250377
K10036	0
K10037	0
K10038	0
K10039	0
K10040	0
K10041	0
K10094	0
K10107	0.7272727
K10108	0
K10109	0
K10110	0
K10111	0
K10112	41.9259034
K10117	9.3264875
K10118	9.3264875
K10119	9.3264875
K10120	0
K10121	0
K10122	0
K10123	0
K10124	0
K10125	3.2727272
K10126	0.3636364
K10187	0
K10188	0
K10189	0
K10190	0
K10191	0
K10192	0
K10193	0
K10194	0
K10195	0
K10200	0
K10201	0
K10202	0
K10206	4.6753247
K10208	16.6666666
K10209	16.6666666
K10210	16.1904761
K10211	16.1904761
K10212	8.0952381
K10213	0
K10215	0.9302326
K10216	0
K10217	0
K10218	1.0909091
K10219	4.6753247
K10220	0
K10221	0
K10222	0
K10227	1.8181818
K10228	1.8181818
K10229	1.8181818
K10230	1.8181818
K10231	0
K10232	1.8181818
K10233	1.8181818
K10234	1.8181818
K10235	1.8181818
K10236	28.051948
K10237	23.3766234
K10238	23.3766234
K10239	0
K10240	0
K10241	0
K10242	0
K10243	0
K10253	0
K10254	19.4795126
K10255	0
K10257	0
K10297	0
K10353	0
K10439	32.6165307
K10440	41.96718
K10441	31.5256216
K10530	0
K10531	1.8604651
K10533	0
K10536	32.7272727
K10537	0
K10538	0
K10539	0
K10540	0
K10541	0
K10542	0
K10543	3.2727272
K10544	3.2727272
K10545	3.2727272
K10546	0
K10547	0
K10548	0
K10549	0
K10550	0
K10551	0
K10552	6.4935065
K10553	6.4935065
K10554	6.4935065
K10555	1.4545454
K10556	1.4545454
K10557	1.4545454
K10558	1.4545454
K10559	0
K10560	0
K10561	0
K10562	0
K10563	95.8123424
K10564	0
K10565	0
K10616	0
K10617	0
K10618	0
K10619	0
K10620	0
K10621	0
K10622	0
K10623	0
K10670	0
K10671	0
K10672	0
K10673	2.384778
K10674	0
K10676	3.0331219
K10677	0
K10678	0
K10679	3.1515151
K10680	11.4112554
K10681	18.5714285
K10682	18.5714285
K10697	0
K10700	0
K10701	0
K10702	0
K10704	0
K10708	4.6753247
K10709	0
K10710	4.6753247
K10711	0
K10713	0
K10714	0
K10715	0
K10716	86.523306
K10748	0
K10762	0
K10763	3.3939394
K10764	5.2121212
K10773	146.1285378
K10774	1.0909091
K10775	0
K10778	9.6450216
K10780	0
K10783	0
K10793	0
K10794	0
K10795	0
K10796	0
K10797	0
K10798	0
K10799	0
K10800	0
K10804	4.8484848
K10805	41.5334741
K10806	5.2121212
K10810	2.8571428
K10811	0
K10814	0
K10815	0
K10816	0
K10817	0
K10819	0.7272727
K10822	0
K10823	23.6103895
K10824	18.5714285
K10826	0
K10829	0
K10831	3.6363636
K10834	0
K10843	44.6753246
K10844	0
K10850	19.5238094
K10851	19.047619
K10852	0
K10854	0.3636364
K10855	0
K10856	0.3636364
K10857	5.090909
K10906	0
K10907	0
K10908	0
K10911	0
K10912	0
K10913	0
K10914	3.1515151
K10915	0
K10916	0
K10917	0
K10918	0
K10921	0
K10922	0
K10924	0
K10925	0
K10926	0
K10927	0
K10930	0
K10931	0
K10932	0
K10934	0
K10938	1.6969697
K10939	0
K10940	0
K10941	1.0909091
K10942	0
K10943	1.0909091
K10947	38.9942614
K10948	0
K10953	0
K10954	0
K10960	1.8181818
K10962	0
K10965	0
K10972	0
K10973	0
K10974	0
K10975	0.4761905
K10979	1.8181818
K10984	0
K10985	0
K10986	0
K11003	0
K11004	0
K11005	0
K11006	0
K11007	0
K11008	0
K11009	0
K11010	0
K11011	0
K11012	0
K11013	0
K11014	0
K11015	0
K11016	0
K11017	0
K11018	0
K11020	0
K11021	0
K11023	0
K11024	0
K11025	0
K11026	0
K11027	0
K11028	0
K11029	0
K11031	0
K11032	13.8095237
K11033	0
K11034	0
K11035	0
K11036	0
K11037	0
K11038	108.571428
K11039	12.8571428
K11040	74.7619044
K11041	16.6666666
K11042	15.2380952
K11043	2.3809524
K11044	0
K11045	0
K11046	0
K11047	0
K11048	0
K11049	0
K11050	3.7209302
K11051	3.7209302
K11052	0
K11053	0
K11054	0
K11055	0
K11056	0
K11058	0
K11059	0
K11060	0
K11061	0
K11062	0
K11063	0
K11065	55.348837
K11066	0
K11068	87.6585118
K11069	35.7354272
K11070	35.6228731
K11071	34.7830463
K11072	35.8479813
K11073	0
K11074	0
K11075	0
K11076	0
K11077	0
K11078	0
K11079	0
K11080	0
K11081	0
K11082	0
K11083	0
K11084	0
K11085	38.147186
K11089	9.3506493
K11102	27.116883
K11103	62.3803482
K11104	1.9047619
K11105	28.051948
K11106	0
K11107	1.3986014
K11130	0
K11139	0
K11144	19.9999999
K11145	19.9999999
K11159	0.2424242
K11175	96.5329706
K11177	20.7224403
K11178	20.7224403
K11179	5.3146853
K11180	0
K11181	0
K11183	16.8138528
K11184	0
K11189	69.1448704
K11191	0
K11192	0
K11194	0
K11195	0
K11196	0
K11198	0
K11199	0
K11200	0
K11201	0
K11202	0
K11203	0
K11208	0
K11209	4.2424242
K11210	14.2857142
K11211	0
K11212	0
K11214	0
K11216	1.4545454
K11249	0
K11250	3.6363636
K11258	0
K11261	9.3506493
K11263	53.6264974
K11264	0
K11275	0
K11311	3.1515151
K11312	0
K11325	0
K11327	0
K11328	0
K11329	0
K11330	0
K11331	0
K11332	0
K11333	1.8181818
K11334	1.8181818
K11335	1.8181818
K11336	1.8181818
K11337	1.8181818
K11354	0
K11355	0
K11356	0
K11357	0
K11358	0
K11381	1.4545454
K11382	0
K11383	0
K11384	0
K11385	0
K11386	0
K11387	39.9999999
K11391	0
K11392	0
K11434	0
K11440	0
K11441	0
K11442	10.4761904
K11443	0
K11444	0
K11472	1.8181818
K11473	21.4718614
K11474	0
K11475	1.4545454
K11476	19.9999999
K11477	0
K11520	0
K11521	0
K11522	0
K11523	0
K11524	0
K11525	0
K11526	0
K11527	0
K11528	0
K11529	0
K11530	0.7272727
K11531	0.7272727
K11532	1.8181818
K11533	39.9999999
K11534	1.0909091
K11535	19.9999999
K11537	0
K11601	3.7209302
K11602	3.7209302
K11603	0.9302326
K11604	1.4545454
K11605	1.4545454
K11606	1.4545454
K11607	3.3150106
K11608	0
K11609	0
K11610	0
K11611	0
K11614	0
K11615	0
K11616	0
K11617	0
K11618	0
K11619	0
K11620	0
K11621	0
K11622	0
K11623	0
K11624	0
K11625	0
K11626	0
K11629	19.9999999
K11630	19.9999999
K11631	38.0952379
K11632	38.0952379
K11633	0
K11634	0
K11635	0
K11636	0
K11637	0
K11638	0
K11639	0
K11640	0
K11641	0
K11645	1.4545454
K11646	0
K11685	0
K11686	0
K11688	1.8181818
K11689	1.8181818
K11690	2.1818182
K11691	0
K11692	0
K11693	19.9999999
K11694	19.9999999
K11695	19.9999999
K11704	19.9999999
K11705	19.9999999
K11706	20.9302325
K11707	48.3720929
K11708	28.8372092
K11709	28.8372092
K11710	28.8372092
K11711	1.8181818
K11712	1.8181818
K11717	70.8571426
K11719	5.2121212
K11720	42.6147185
K11731	3.1515151
K11732	0.9302326
K11733	24.3241718
K11734	6.060606
K11735	9.860465
K11736	3.3939394
K11737	52.2096041
K11738	20.4651162
K11739	0
K11740	4.6753247
K11741	40.9032517
K11742	4.6753247
K11743	9.3506493
K11744	0
K11745	0
K11746	2.9090909
K11747	3.8787878
K11748	0
K11749	44.155844
K11750	0
K11751	0
K11752	93.4039291
K11753	94.5228102
K11754	128.1085578
K11755	50.7432566
K11777	0
K11779	0
K11780	0
K11781	0
K11811	1.9393939
K11814	0
K11815	0
K11889	0
K11890	3.5151515
K11891	4.4848484
K11892	4.2424242
K11893	4.2424242
K11894	1.0909091
K11895	4.2424242
K11896	4.7272727
K11897	4.2424242
K11898	0
K11899	0
K11900	4.2424242
K11901	4.4848484
K11902	4.2424242
K11903	4.4848484
K11904	0
K11905	0
K11906	1.0909091
K11907	4.2424242
K11908	0
K11909	0
K11910	0
K11911	0
K11912	0
K11913	0
K11914	0
K11915	0
K11916	0
K11917	0
K11918	0
K11919	0
K11920	0
K11921	0
K11922	0
K11923	0
K11924	0.3636364
K11925	0
K11926	0
K11927	6.4935065
K11928	64.3463201
K11929	0
K11930	0
K11931	3.1515151
K11932	0
K11933	0
K11934	0
K11935	0
K11936	23.6796535
K11937	0
K11938	4.6753247
K11939	53.8262356
K11940	1.8181818
K11941	0
K11942	4.6753247
K11945	0
K11950	0
K11951	0
K11952	0
K11953	0
K11954	0
K11955	0
K11956	0
K11957	0
K11958	0
K11959	11.3870935
K11960	11.3870935
K11961	11.3870935
K11962	11.3870935
K11963	11.3870935
K11964	0
K11987	0.7272727
K11991	40.4006844
K11996	60.528541
K12048	0
K12049	0
K12050	0
K12051	0
K12052	0
K12053	0
K12054	0
K12055	0
K12056	0
K12057	0
K12058	0
K12059	0
K12060	0
K12061	0
K12062	0
K12063	0
K12064	0
K12065	0
K12066	0
K12067	0
K12068	0
K12069	0
K12070	0
K12071	0
K12072	0
K12073	0
K12078	0
K12079	0
K12080	0
K12081	0
K12082	0
K12083	0
K12084	0
K12085	0
K12086	0
K12087	0
K12088	0
K12089	0
K12090	0
K12091	0
K12092	0
K12093	0
K12094	0
K12095	0
K12096	0
K12097	0
K12098	0
K12099	0
K12100	0
K12101	0
K12102	0
K12103	0
K12104	0
K12105	0
K12106	0
K12107	0
K12108	0
K12109	0
K12110	0
K12111	0
K12112	0
K12113	0
K12136	0
K12137	0
K12138	0
K12139	0
K12140	0
K12141	0
K12142	0
K12143	0
K12144	0
K12145	0
K12146	0
K12147	0
K12148	0
K12149	0
K12151	0
K12152	0
K12203	0
K12204	0
K12205	0
K12206	0
K12207	0
K12209	0
K12212	0
K12213	0
K12214	0
K12217	0
K12218	0
K12222	0
K12228	0
K12234	0
K12238	0
K12239	0
K12240	0
K12241	0
K12242	0
K12243	0
K12246	0
K12247	0
K12248	0
K12251	28.051948
K12252	0
K12253	0
K12254	0
K12255	0.2424242
K12256	0.3636364
K12257	48.0519479
K12262	6.6666666
K12263	0
K12264	0
K12265	0
K12266	0
K12267	0
K12268	18.095238
K12269	18.5714285
K12270	18.095238
K12276	0
K12277	0
K12278	0
K12279	0
K12280	0
K12281	0
K12282	0
K12283	0
K12284	0
K12285	0
K12286	0
K12287	0
K12288	0
K12289	0
K12290	0
K12291	0
K12292	0.4761905
K12293	0
K12294	0
K12295	0
K12296	0
K12297	4.8951048
K12299	0
K12308	10.3030303
K12339	3.3939394
K12340	5.2121212
K12342	0
K12343	0
K12368	1.0909091
K12369	1.0909091
K12370	1.0909091
K12371	1.0909091
K12372	1.0909091
K12373	1.9047619
K12410	68.7385481
K12415	0
K12420	0
K12421	0
K12428	39.0697673
K12429	0
K12436	0
K12437	39.0697673
K12443	0
K12452	0
K12453	0
K12454	2.1818182
K12455	0
K12500	0
K12503	68.0519479
K12506	0.3636364
K12507	0
K12508	3.1120507
K12509	0
K12510	41.8181817
K12511	1.8181818
K12512	0
K12513	0
K12514	0
K12515	0
K12516	0
K12517	0
K12518	0
K12519	0
K12520	0
K12521	0
K12522	0
K12523	0
K12524	1.6783217
K12525	0
K12526	0
K12527	0
K12528	0
K12529	0
K12530	0
K12531	0
K12532	0
K12533	0
K12534	0
K12535	0
K12536	0
K12537	0
K12538	0
K12539	0
K12540	0
K12541	4
K12542	4
K12543	4
K12544	0
K12545	0
K12547	0
K12548	0
K12549	0
K12551	19.5238094
K12552	19.9999999
K12553	19.9999999
K12554	0
K12555	0
K12556	0
K12573	59.198135
K12574	102.4463905
K12582	0
K12583	39.9999999
K12600	0
K12658	2.6666666
K12660	0
K12661	0
K12673	0
K12674	0
K12675	0
K12676	0
K12678	0
K12680	0
K12681	0
K12682	0
K12683	0
K12684	0
K12685	0
K12686	0.9302326
K12687	0
K12688	0
K12689	0
K12690	0
K12700	2.8571428
K12784	0
K12785	0
K12786	0
K12787	0
K12788	0
K12789	0
K12790	0
K12809	0
K12940	0
K12941	0.3636364
K12942	56.2347728
K12943	0
K12944	0
K12945	0
K12949	0.9302326
K12950	0
K12952	0
K12953	0
K12955	0
K12956	0
K12957	3.6363636
K12960	0
K12961	0
K12962	0
K12963	0
K12972	2.060606
K12973	0
K12974	0
K12975	0
K12976	0
K12977	0
K12979	3.3939394
K12980	0
K12981	0
K12982	0
K12983	0
K12984	0
K12985	0
K12986	0
K12987	0
K12988	0
K12989	1.4545454
K12990	0
K12991	0
K12992	0
K12993	0
K12994	0
K12995	0
K12996	0
K12997	0
K12998	0
K12999	0
K13000	0
K13001	0
K13002	0
K13004	0
K13005	0
K13006	0
K13007	0.7272727
K13008	0
K13009	0
K13010	0
K13011	0
K13012	21.8181817
K13013	0
K13014	0
K13015	0
K13016	0.4848485
K13017	0.4848485
K13018	0.7272727
K13019	0
K13020	0
K13021	0.4848485
K13028	0.2424242
K13037	0
K13038	93.264069
K13039	0
K13040	0
K13041	0
K13042	0
K13043	0
K13049	0
K13051	9.3506493
K13052	19.9999999
K13053	0
K13057	0
K13058	0
K13059	0
K13060	0
K13061	0
K13062	0
K13063	0
K13069	0
K13075	0
K13085	0
K13086	0
K13238	0
K13243	0
K13244	0
K13245	0
K13252	0
K13255	0
K13256	1.5670996
K13274	0
K13275	0
K13276	0
K13277	0
K13280	0.9302326
K13281	28.051948
K13282	14.025974
K13283	0
K13284	0
K13285	0
K13286	0
K13287	0
K13288	46.2449177
K13292	54.5228103
K13300	0
K13301	0
K13317	0
K13318	0
K13378	6.9090908
K13381	0
K13408	0
K13409	0
K13419	0
K13421	0
K13444	0
K13450	0
K13451	0
K13452	0
K13454	0
K13455	0
K13461	0
K13472	0
K13478	0
K13479	0
K13480	0
K13481	10.454042
K13482	15.3717909
K13483	16.0471157
K13485	9.3506493
K13486	0
K13487	0
K13488	0
K13489	0
K13490	0
K13491	0
K13497	0
K13498	35.9570661
K13500	0
K13503	9.3506493
K13522	28.051948
K13525	0
K13527	39.0697673
K13529	4.6753247
K13530	0
K13531	0
K13532	0
K13533	0
K13540	27.9069767
K13541	0
K13542	68.0519479
K13543	0
K13570	39.9999999
K13571	79.9999998
K13572	4.6511628
K13573	39.9999999
K13574	0
K13580	32.5581395
K13581	1.8181818
K13582	0
K13583	1.8181818
K13584	1.8181818
K13585	0
K13586	0
K13587	1.8181818
K13588	1.4545454
K13589	0
K13590	0
K13591	0
K13592	0
K13593	0
K13598	1.8181818
K13599	1.8181818
K13607	0
K13611	0
K13612	0
K13613	0
K13614	0
K13615	0
K13620	0
K13622	5.7662338
K13623	1.0909091
K13626	0
K13628	23.4472193
K13629	0
K13630	0
K13631	0
K13632	0
K13633	0
K13634	0
K13635	3.3939394
K13636	0
K13637	0
K13638	0
K13639	13.1899728
K13640	68.0519479
K13641	6.1298701
K13642	0
K13643	5.2121212
K13650	0
K13651	0
K13652	1.9393939
K13653	2.7906977
K13654	0
K13655	0
K13656	0
K13657	0
K13658	0
K13659	0
K13660	0
K13661	0
K13662	0
K13663	0
K13664	0
K13665	0
K13668	39.9999999
K13669	0
K13670	0
K13671	55.8139533
K13678	0
K13683	0
K13684	0
K13686	39.9999999
K13687	35.3488371
K13688	0.7272727
K13689	0
K13693	30.6976743
K13694	0
K13695	0
K13713	0
K13714	19.9999999
K13715	15.7142856
K13727	0
K13730	0.2424242
K13731	0
K13732	15.2380952
K13733	11.9047618
K13734	0
K13735	0
K13739	0
K13740	0
K13741	0
K13743	0
K13745	4.3241719
K13746	0
K13747	34.5454545
K13766	14.077922
K13767	0
K13770	0
K13771	11.7237491
K13772	0
K13774	3.3939394
K13775	0.9302326
K13776	3.6363636
K13777	3.1515151
K13778	3.1515151
K13779	3.1515151
K13786	0
K13787	39.9999999
K13788	72.3223442
K13789	59.1966172
K13790	0
K13792	0
K13793	0
K13794	4.3636363
K13795	3.1515151
K13796	3.5151515
K13797	0
K13799	0
K13810	0
K13815	0
K13816	0
K13818	0
K13819	1.8181818
K13820	0
K13821	17.3051444
K13829	0
K13831	0
K13832	0
K13853	48.0519479
K13873	0
K13874	0
K13875	0
K13876	0
K13877	0
K13888	4
K13889	0
K13890	0
K13891	0
K13892	0
K13893	4.9696969
K13894	4.9696969
K13895	4.9696969
K13896	4.9696969
K13918	0
K13919	0
K13920	0
K13921	0
K13922	0.3636364
K13923	0
K13924	11.1688311
K13925	0
K13926	1.4545454
K13927	0
K13928	3.1515151
K13929	4.3241719
K13930	5.0119802
K13931	2.9090909
K13932	5.0119802
K13933	5.0119802
K13934	4.0817477
K13935	5.0119802
K13936	0
K13938	0
K13940	0.9302326
K13950	35.3488371
K13953	55.6854926
K13954	3.3939394
K13955	0
K13963	0
K13979	7.5207893
K13990	0
K13991	1.8181818
K13992	0
K13993	57.9643612
K13994	1.8181818
K13995	0
K14028	0
K14029	0
K14048	9.3506493
K14051	0
K14052	2.1818182
K14053	0
K14054	0
K14055	0
K14056	0
K14057	0
K14058	33.2640692
K14059	0.2424242
K14060	0.7272727
K14061	0
K14062	0
K14063	0
K14064	0
K14065	0
K14067	0
K14080	0
K14083	1.8181818
K14084	0
K14086	0
K14087	0
K14088	0
K14089	0
K14090	0
K14091	0
K14136	39.9999999
K14138	0
K14153	4.6511628
K14155	54.5545151
K14159	3.3939394
K14160	1.8181818
K14161	28.8190878
K14162	28.4554515
K14164	0
K14165	0
K14166	0.9523809
K14170	9.8874458
K14187	4.6753247
K14188	19.9999999
K14189	9.3506493
K14192	15.2380952
K14193	15.2380952
K14194	45.1937982
K14195	11.9047618
K14196	14.7619047
K14197	16.6666666
K14198	10.4761904
K14199	41.9047617
K14200	14.7619047
K14201	16.1904761
K14202	7.1428571
K14203	12.8571428
K14204	12.3809523
K14205	21.6969696
K14231	0
K14257	0
K14260	43.3939393
K14261	0
K14266	0
K14267	39.7213328
K14268	0
K14269	0
K14287	3.1515151
K14326	0
K14330	0
K14331	0
K14333	0
K14335	0
K14337	39.9999999
K14338	0
K14339	39.9999999
K14340	0
K14347	43.6363635
K14348	3.3939394
K14358	0
K14366	0
K14367	0
K14368	0
K14369	0
K14370	0
K14387	0
K14392	0
K14393	70.9312391
K14414	0.4848485
K14415	47.2598408
K14441	28.8311688
K14445	58.0289941
K14446	1.8181818
K14447	1.8181818
K14448	1.8181818
K14449	1.8181818
K14450	1.8181818
K14451	1.8181818
K14470	0
K14472	0
K14475	0
K14518	0
K14519	12.8513036
K14520	0
K14534	0
K14540	19.9999999
K14578	0
K14579	0
K14580	0
K14581	0
K14582	0
K14583	0
K14584	0
K14585	0
K14587	0
K14588	0
K14591	0
K14596	0
K14605	0
K14606	0
K14623	1.8604651
K14645	63.4974327
K14647	0
K14648	0
K14652	95.0822508
K14657	0
K14658	0
K14659	0
K14660	1.8181818
K14661	0.3636364
K14665	0
K14666	0
K14667	0
K14668	0
K14669	0
K14670	0
K14671	0
K14672	0
K14673	0
K14680	0
K14681	0
K14682	4.6526806
K14683	5.5813953
K14698	0
K14699	0
K14727	0
K14728	0
K14733	0
K14742	3.8508158
K14743	28.8372092
K14744	0
K14745	0
K14746	0
K14747	0
K14748	0
K14749	0
K14751	0
K14761	33.6575053
K14762	0
K14941	0
K14949	39.0697673
K14952	0
K14953	0
K14954	0
K14955	0
K14956	0.9302326
K14974	0
K14977	11.6450216
K14978	0
K14979	0
K14980	1.8181818
K14981	1.4545454
K14982	0
K14983	0
K14986	0
K14987	0
K14988	0
K14989	0
K14998	1.4545454
K15011	2.1818182
K15012	2.1818182
K15016	0
K15022	0
K15023	0
K15024	0
K15034	4.6088795
K15045	0
K15051	0
K15054	0
K15058	0
K15059	0
K15060	0
K15061	0
K15062	0
K15063	0
K15064	0
K15065	0
K15066	0
K15067	0
K15125	3.1515151
K15126	0
K15226	0
K15228	0
K15229	0
K15236	0
K15237	0
K15238	0
K15242	0
K15253	0
K15256	4.1038961
K15257	0
K15268	18.7012987
K15269	7.0206383
K15270	1.0909091
K15311	0
K15312	0
K15313	0
K15314	0
K15315	0
K15320	0
K15327	0
K15328	0
K15329	0
K15337	0
K15342	28.5833081
K15344	0
K15345	0
K15346	0
K15347	0
K15349	0
K15350	0
K15351	0
K15352	0
K15353	0
K15354	0
K15355	0
K15357	0
K15358	0
K15359	0
K15367	0
K15368	0
K15371	0
K15372	18.6529749
K15373	0
K15383	0
K15396	3.1515151
K15408	33.8181818
K15431	0
K15460	0
K15461	3.3939394
K15466	0
K15467	0
K15468	0
K15469	0
K15470	0
K15471	0
K15495	0
K15496	0
K15497	0
K15509	0.9302326
K15510	0
K15511	0
K15512	0
K15513	0
K15514	0
K15515	0
K15518	19.9999999
K15519	19.9999999
K15520	39.9999999
K15521	39.9999999
K15524	4.6753247
K15525	49.3506492
K15526	40.9302325
K15527	0
K15531	0
K15532	0
K15533	0
K15534	0
K15536	3.3939394
K15539	9.3506493
K15540	0
K15545	0
K15546	0
K15547	0
K15548	0
K15549	0
K15550	0
K15551	4.8090204
K15552	4.8090204
K15553	21.1235275
K15554	17.8508003
K15555	14.3356488
K15556	0
K15557	0
K15558	0
K15576	4.6511628
K15577	2.7906977
K15578	4.6511628
K15579	0
K15580	57.1448704
K15581	58.1415482
K15582	60.0020133
K15583	28.3982683
K15584	18.5714285
K15585	18.5714285
K15586	18.5714285
K15587	18.5714285
K15598	2.7484144
K15599	2.7484144
K15600	1.8181818
K15629	8.9427162
K15632	0
K15633	25.2121211
K15634	214.8291549
K15635	32.7272727
K15640	0
K15642	0
K15643	0
K15644	0
K15645	0
K15646	0
K15647	0
K15648	0
K15649	0
K15650	0
K15651	0
K15652	0
K15654	0
K15655	0
K15656	0
K15657	0
K15658	0
K15659	0
K15660	0
K15661	0
K15662	0
K15663	0
K15664	0
K15665	0
K15666	0
K15667	0
K15668	0
K15669	0
K15670	0
K15671	0
K15672	0
K15673	0
K15674	0
K15675	0
K15676	0
K15677	0
K15678	0
K15679	0
K15721	0
K15722	0
K15723	0
K15724	5.2121212
K15725	3.3939394
K15726	3.3939394
K15727	3.3939394
K15733	11.1627907
K15735	0
K15736	10.8051948
K15737	0
K15738	27.1213746
K15739	0
K15746	0
K15750	0
K15758	0
K15760	0
K15761	0
K15762	0
K15763	0
K15764	0
K15765	0
K15770	69.3345413
K15771	68.4043087
K15772	74.0098659
K15773	4.6753247
K15778	3.3939394
K15780	0
K15781	0
K15782	0
K15783	0
K15784	0
K15785	0
K15786	0
K15790	1.8181818
K15792	0
K15827	0
K15828	0
K15829	0
K15830	0
K15831	0
K15832	0
K15833	0
K15834	0
K15835	0
K15836	0
K15842	0
K15843	0
K15844	0
K15845	0
K15846	0
K15847	0
K15848	0
K15850	0
K15852	0
K15853	0
K15854	0
K15855	0
K15860	0
K15861	0
K15862	0
K15864	0
K15866	41.2966877
K15868	0
K15876	16.744186
K15878	32.7272727
K15879	32.7272727
K15894	0
K15895	0
K15896	0
K15897	0
K15898	0
K15899	0
K15907	0
K15910	0
K15912	0
K15913	0
K15914	0
K15915	0
K15916	0
K15918	0
K15921	0
K15922	0
K15923	0
K15924	0
K15973	36.7965367
K15974	0
K15975	56.1769857
K15976	0
K15977	99.5880396
K15981	0
K15982	0
K15983	0
K15984	4.6526806
K15986	54.5454544
K15987	0
K15997	0
K16011	1.3333333
K16012	59.4354171
K16013	59.4354171
K16014	0
K16015	0
K16016	0
K16017	0
K16018	0
K16019	0
K16020	0
K16021	0
K16022	0
K16023	0
K16041	0
K16042	0
K16043	0
K16044	0
K16047	0
K16048	0
K16049	0
K16050	0
K16051	0
K16052	0
K16053	3.6363636
K16055	0
K16066	0.2424242
K16074	0
K16076	0
K16077	0
K16078	0
K16079	0
K16080	0
K16081	0
K16087	3.6363636
K16088	8.121212
K16089	4.8484848
K16090	6.060606
K16091	0.2424242
K16092	4.9696969
K16119	0
K16120	0
K16121	0
K16122	0
K16123	0
K16124	0
K16127	0
K16128	0
K16129	0
K16130	0
K16131	0
K16132	0
K16133	0
K16134	0
K16135	1.9393939
K16136	0
K16137	28.2770562
K16138	0
K16139	0
K16140	0
K16146	1.8604651
K16147	38.6638477
K16148	37.2093022
K16149	0
K16150	0
K16152	0
K16153	0
K16157	1.0909091
K16158	1.0909091
K16161	0
K16163	5.5813953
K16164	24.1860465
K16165	0.6060606
K16167	33.8181818
K16168	29.1428571
K16169	19.9999999
K16170	0
K16171	0.2424242
K16173	0
K16176	0
K16188	0
K16190	0
K16191	0
K16192	0
K16193	0
K16199	0
K16200	0
K16201	0
K16202	0
K16203	18.7012987
K16209	0
K16210	0
K16211	0.9523809
K16212	0
K16213	0
K16214	0
K16215	0
K16216	0
K16217	0
K16218	0
K16239	0
K16242	0.4848485
K16243	0.4848485
K16244	0.4848485
K16245	0.4848485
K16246	1.415081
K16247	0
K16248	0
K16249	0.4848485
K16254	0
K16255	0
K16256	0
K16257	0
K16258	0
K16259	0
K16260	0
K16263	0
K16264	99.2380949
K16267	0
K16268	0
K16269	0
K16270	0
K16291	0
K16293	0
K16294	0
K16299	0
K16300	0
K16301	20.7512332
K16303	0
K16317	0
K16318	0
K16319	0
K16320	0
K16321	0
K16322	1.3986014
K16323	19.9999999
K16324	0.2424242
K16325	0
K16326	0
K16327	1.8181818
K16328	23.3766234
K16329	41.3852813
K16331	0
K16345	3.3939394
K16346	0
K16347	0
K16348	0
K16363	0
K16370	6.4935065
K16371	0
K16421	0
K16422	0
K16423	0
K16473	0
K16509	19.9999999
K16511	19.9999999
K16514	0
K16515	0
K16516	0
K16517	0
K16552	1.4545454
K16553	0
K16554	1.4545454
K16555	1.4545454
K16556	1.4545454
K16557	1.4545454
K16558	1.4545454
K16559	0
K16560	0
K16562	1.4545454
K16563	0
K16564	1.4545454
K16565	0
K16566	1.4545454
K16567	1.4545454
K16568	0
K16592	0
K16593	0
K16619	0
K16623	0
K16624	0
K16625	0
K16626	0
K16635	0
K16636	0
K16637	0
K16638	0
K16644	0
K16645	0
K16647	39.9999999
K16648	39.0697673
K16649	39.0697673
K16650	39.9999999
K16651	0
K16652	39.9999999
K16653	39.9999999
K16654	0
K16692	3.5151515
K16693	0.2424242
K16694	0
K16695	0
K16696	0
K16697	0
K16698	0
K16699	0
K16700	0
K16701	0
K16702	0
K16703	0
K16704	0
K16705	0
K16706	0
K16707	0
K16708	0
K16709	0
K16710	0
K16711	0
K16783	43.7028087
K16784	51.168831
K16785	129.6566994
K16786	131.0631225
K16787	131.0631225
K16788	0
K16789	0
K16792	23.3766234
K16793	28.051948
K16838	0
K16839	3.3939394
K16840	5.2544045
K16841	3.1515151
K16842	3.3939394
K16843	0
K16844	0
K16845	0
K16846	0
K16849	0
K16850	0
K16856	0
K16868	0
K16869	19.9999999
K16870	39.9999999
K16871	1.0909091
K16872	3.7575757
K16873	0
K16874	0
K16875	0
K16876	0
K16877	0
K16878	0
K16879	0
K16880	0
K16881	0
K16898	19.9999999
K16899	19.9999999
K16901	0
K16902	0
K16905	0
K16906	0
K16907	0
K16915	1.0909091
K16916	12.8571428
K16917	13.3333333
K16918	0
K16919	0
K16920	0
K16921	0
K16922	2.3366556
K16923	21.3953488
K16924	12.8571428
K16925	59.0919156
K16926	14.9501661
K16927	4.6511628
K16929	0
K16936	0
K16937	24.1991341
K16950	0
K16951	0
K16953	0.7272727
K16956	0
K16957	0.9523809
K16958	0.9523809
K16959	0.9523809
K16960	0.9523809
K16961	0
K16962	0
K16963	0
K16968	0
K16969	0
K17048	0
K17049	0
K17050	0
K17051	0
K17052	0
K17060	0
K17061	0
K17062	0
K17063	0
K17067	0
K17070	0
K17071	0
K17073	0
K17074	0
K17076	0
K17103	5.2121212
K17105	0
K17108	0
K17195	0
K17202	0.3636364
K17203	0.3636364
K17204	0.3636364
K17205	0
K17206	0
K17207	0
K17208	0
K17209	0
K17210	0
K17213	0
K17214	0
K17215	0
K17216	19.5238094
K17217	19.5238094
K17218	13.5411254
K17222	0
K17223	0
K17224	0
K17225	0
K17226	1.8181818
K17227	0
K17228	8.069264
K17229	0
K17230	0
K17234	0
K17235	0
K17236	0
K17237	0
K17238	0
K17239	0
K17240	0
K17241	0
K17242	0
K17243	0
K17244	28.051948
K17245	23.3766234
K17246	23.3766234
K17247	29.5064935
K17248	0
K17249	0
K17250	0
K17251	0
K17266	0
K17285	4.6753247
K17292	0
K17315	18.7012987
K17316	23.3766234
K17317	18.7012987
K17318	1.9047619
K17319	1.9047619
K17320	1.9047619
K17321	1.8181818
K17322	1.8181818
K17323	1.8181818
K17324	1.8181818
K17325	1.8181818
K17329	0
K17330	0
K17331	0
K17363	0
K17364	0
K17398	0
K17462	0.4761905
K17463	0
K17464	0
K17465	0
K17466	0
K17467	0
K17468	0
K17472	19.047619
K17473	0
K17474	2.8128461
K17476	0
K17485	0.9523809
K17486	0
